,Date,prcp (mm/day),tmax (deg c),tmin (deg c),330_SWE (m),392_SWE (m),393_SWE (m),763_SWE (m),533_SWE (m),684_SWE (m),814_SWE (m),896_SWE (m),1118_SWE (m),1145_SWE (m)
0,2016-01-01,0.0,-5.57,-15.93,0.13462,0.2158999999999999,0.1676399999999999,0.13462,0.2438399999999999,0.15748,0.18796,0.15494,0.10922,0.1397
1,2016-01-02,0.0,-3.76,-12.34,0.13462,0.21844,0.1676399999999999,0.13462,0.2438399999999999,0.15748,0.1905,0.15494,0.10922,0.1397
2,2016-01-03,0.0,-0.55,-6.9,0.13716,0.21844,0.1676399999999999,0.13462,0.2438399999999999,0.16002,0.1905,0.16002,0.11176,0.14478
3,2016-01-04,0.0,2.01,-6.59,0.13716,0.2209799999999999,0.17018,0.13462,0.2438399999999999,0.16002,0.1905,0.16256,0.11176,0.1473199999999999
4,2016-01-05,2.83,4.05,-2.06,0.1397,0.2209799999999999,0.17018,0.13716,0.2438399999999999,0.16002,0.1905,0.16256,0.11176,0.14986
5,2016-01-06,14.92,4.05,-0.83,0.1397,0.2209799999999999,0.17018,0.1422399999999999,0.2438399999999999,0.16002,0.19812,0.1676399999999999,0.11176,0.14986
6,2016-01-07,0.0,3.11,-0.89,0.1397,0.22606,0.1727199999999999,0.14478,0.2463799999999999,0.1651,0.2057399999999999,0.1777999999999999,0.11176,0.1523999999999999
7,2016-01-08,0.0,2.55,-3.19,0.1422399999999999,0.2311399999999999,0.1777999999999999,0.14986,0.25146,0.1676399999999999,0.21844,0.18288,0.1143,0.15748
8,2016-01-09,0.0,1.7,-4.37,0.1397,0.23622,0.18288,0.14986,0.25146,0.17018,0.21844,0.18542,0.1143,0.15494
9,2016-01-10,0.0,0.59,-5.42,0.13716,0.23622,0.18288,0.14986,0.254,0.17018,0.21844,0.18542,0.1143,0.1523999999999999
10,2016-01-11,0.0,-0.16,-9.84,0.13462,0.2336799999999999,0.18288,0.1473199999999999,0.25654,0.17018,0.21844,0.18288,0.1168399999999999,0.1523999999999999
11,2016-01-12,0.0,-0.83,-10.27,0.13462,0.2336799999999999,0.18288,0.1473199999999999,0.25654,0.17018,0.21844,0.1803399999999999,0.1168399999999999,0.15494
12,2016-01-13,0.0,0.22,-8.39,0.1397,0.2336799999999999,0.18288,0.1473199999999999,0.25654,0.17018,0.21844,0.1803399999999999,0.1168399999999999,0.15748
13,2016-01-14,4.08,2.32,-5.41,0.14478,0.2336799999999999,0.1803399999999999,0.14986,0.25654,0.17018,0.2209799999999999,0.18288,0.1168399999999999,0.15748
14,2016-01-15,1.84,0.89,-3.86,0.1473199999999999,0.23622,0.1803399999999999,0.14986,0.26416,0.1777999999999999,0.2209799999999999,0.18796,0.1168399999999999,0.16002
15,2016-01-16,1.26,2.11,-4.7,0.15494,0.2413,0.18288,0.15748,0.2717799999999999,0.18796,0.2286,0.20066,0.1219199999999999,0.16002
16,2016-01-17,0.54,6.22,-2.33,0.16002,0.2438399999999999,0.18796,0.16256,0.27686,0.19812,0.2438399999999999,0.21082,0.12446,0.1676399999999999
17,2016-01-18,11.94,4.0,-0.57,0.16002,0.2438399999999999,0.1905,0.16256,0.2844799999999999,0.19558,0.2438399999999999,0.21844,0.12446,0.1676399999999999
18,2016-01-19,2.75,4.32,-4.24,0.1676399999999999,0.25654,0.19558,0.17018,0.2946399999999999,0.2057399999999999,0.25146,0.2336799999999999,0.13208,0.17018
19,2016-01-20,0.0,3.94,-3.14,0.1727199999999999,0.25654,0.19558,0.1727199999999999,0.29972,0.2082799999999999,0.25654,0.2463799999999999,0.13462,0.17526
20,2016-01-21,0.0,2.69,-6.94,0.1777999999999999,0.2667,0.2032,0.1777999999999999,0.30988,0.22352,0.2667,0.25908,0.1397,0.1803399999999999
21,2016-01-22,0.0,4.89,-4.79,0.1803399999999999,0.2667,0.2032,0.1803399999999999,0.30988,0.22352,0.2717799999999999,0.25908,0.1397,0.1803399999999999
22,2016-01-23,11.56,4.97,-4.15,0.1803399999999999,0.2667,0.2032,0.1803399999999999,0.30988,0.22352,0.2717799999999999,0.26162,0.1397,0.18288
23,2016-01-24,1.52,1.85,-3.25,0.18796,0.27686,0.21082,0.18796,0.32004,0.2336799999999999,0.27686,0.2717799999999999,0.1473199999999999,0.18796
24,2016-01-25,0.0,2.79,-6.59,0.19558,0.2920999999999999,0.2209799999999999,0.19812,0.3302,0.2413,0.28702,0.2794,0.14986,0.19304
25,2016-01-26,0.0,3.37,-8.5,0.19558,0.2920999999999999,0.2209799999999999,0.19812,0.3302,0.2413,0.28702,0.27686,0.14986,0.1905
26,2016-01-27,0.0,2.24,-8.22,0.19558,0.2920999999999999,0.2209799999999999,0.19812,0.3302,0.2413,0.28702,0.27686,0.14986,0.18796
27,2016-01-28,1.16,3.03,-6.4,0.19558,0.2946399999999999,0.2209799999999999,0.19812,0.3302,0.2413,0.28956,0.27686,0.14986,0.1905
28,2016-01-29,9.03,6.33,-4.54,0.19558,0.2946399999999999,0.2209799999999999,0.19812,0.33782,0.2438399999999999,0.2920999999999999,0.2794,0.1523999999999999,0.19304
29,2016-01-30,8.44,2.93,-5.8,0.2082799999999999,0.30734,0.22606,0.2082799999999999,0.35306,0.24892,0.30734,0.28956,0.15494,0.2032
30,2016-01-31,0.0,0.59,-8.53,0.2209799999999999,0.33782,0.24892,0.21844,0.38354,0.26162,0.32004,0.30226,0.1676399999999999,0.2209799999999999
31,2016-02-01,0.0,-0.96,-8.94,0.22352,0.33782,0.254,0.22352,0.38354,0.27432,0.3302,0.31242,0.1676399999999999,0.2209799999999999
32,2016-02-02,0.0,-1.62,-13.1,0.22606,0.35306,0.26416,0.2311399999999999,0.39624,0.28702,0.34036,0.32512,0.17526,0.2286
33,2016-02-03,0.0,0.04,-10.83,0.22606,0.35306,0.26416,0.2311399999999999,0.39624,0.28702,0.34036,0.32766,0.17526,0.2286
34,2016-02-04,1.43,-1.66,-10.21,0.22606,0.35306,0.26416,0.2311399999999999,0.40132,0.28702,0.34036,0.3302,0.17526,0.2286
35,2016-02-05,0.0,2.57,-5.56,0.2311399999999999,0.3606799999999999,0.2667,0.23876,0.40386,0.28956,0.3454399999999999,0.33274,0.17526,0.2311399999999999
36,2016-02-06,0.0,3.1,-6.32,0.2311399999999999,0.3606799999999999,0.2667,0.23876,0.40386,0.28956,0.3454399999999999,0.33274,0.17526,0.2311399999999999
37,2016-02-07,0.0,3.4,-5.54,0.2311399999999999,0.3606799999999999,0.2667,0.23876,0.40386,0.28956,0.3454399999999999,0.33274,0.17526,0.2311399999999999
38,2016-02-08,0.0,4.63,-5.16,0.2311399999999999,0.3606799999999999,0.2667,0.23876,0.40386,0.28956,0.3454399999999999,0.33274,0.17526,0.2311399999999999
39,2016-02-09,0.0,5.21,-4.56,0.2311399999999999,0.3606799999999999,0.2667,0.23876,0.40386,0.28956,0.3454399999999999,0.33274,0.17526,0.2311399999999999
40,2016-02-10,0.0,3.8,-3.91,0.2311399999999999,0.3606799999999999,0.2667,0.23876,0.40386,0.28956,0.3454399999999999,0.33274,0.17526,0.2311399999999999
41,2016-02-11,0.0,3.54,-2.93,0.2311399999999999,0.3606799999999999,0.2667,0.23876,0.40386,0.28956,0.3454399999999999,0.33274,0.17526,0.2311399999999999
42,2016-02-12,0.0,3.07,-1.79,0.2311399999999999,0.3606799999999999,0.2667,0.23876,0.40386,0.28956,0.3454399999999999,0.33274,0.17526,0.2311399999999999
43,2016-02-13,1.23,3.78,-2.73,0.2311399999999999,0.3606799999999999,0.2667,0.23876,0.40386,0.28956,0.3454399999999999,0.33274,0.17526,0.2311399999999999
44,2016-02-14,6.17,4.95,-2.8,0.2311399999999999,0.3606799999999999,0.2667,0.23876,0.40386,0.28956,0.3454399999999999,0.33274,0.17526,0.2311399999999999
45,2016-02-15,0.0,12.1,1.76,0.23876,0.36576,0.2717799999999999,0.2438399999999999,0.40894,0.2971799999999999,0.3606799999999999,0.3454399999999999,0.18288,0.23876
46,2016-02-16,0.0,13.51,1.08,0.2413,0.36576,0.2717799999999999,0.2438399999999999,0.41402,0.30226,0.37338,0.3454399999999999,0.18288,0.2438399999999999
47,2016-02-17,4.97,12.93,1.27,0.2413,0.36576,0.2717799999999999,0.2438399999999999,0.41402,0.30226,0.37338,0.3454399999999999,0.18288,0.2438399999999999
48,2016-02-18,8.41,11.12,0.96,0.2413,0.36576,0.2717799999999999,0.2438399999999999,0.41402,0.30226,0.37338,0.3454399999999999,0.18288,0.2438399999999999
49,2016-02-19,0.0,12.14,0.07,0.254,0.38354,0.2794,0.25654,0.4419599999999999,0.3175,0.39116,0.3555999999999999,0.1905,0.25654
50,2016-02-20,0.0,8.17,-1.61,0.254,0.38354,0.2844799999999999,0.25908,0.4419599999999999,0.3175,0.39116,0.3555999999999999,0.1905,0.25654
51,2016-02-21,0.0,9.03,-2.78,0.254,0.38354,0.28702,0.25908,0.44704,0.3175,0.39116,0.3555999999999999,0.19304,0.25908
52,2016-02-22,0.0,6.79,-1.1,0.254,0.38354,0.28702,0.25908,0.44704,0.3175,0.39116,0.3555999999999999,0.19304,0.25908
53,2016-02-23,0.0,7.28,-3.14,0.254,0.39116,0.28956,0.25908,0.44958,0.32004,0.3987799999999999,0.3581399999999999,0.19304,0.26162
54,2016-02-24,0.0,9.23,-3.16,0.254,0.39116,0.28702,0.26162,0.44958,0.32004,0.3987799999999999,0.3606799999999999,0.19304,0.26162
55,2016-02-25,0.0,11.96,-1.7,0.254,0.39116,0.2844799999999999,0.26162,0.44958,0.32004,0.3987799999999999,0.3606799999999999,0.19304,0.26162
56,2016-02-26,0.0,15.15,0.26,0.254,0.39116,0.2819399999999999,0.26416,0.44958,0.32004,0.40132,0.3606799999999999,0.1905,0.25908
57,2016-02-27,0.0,14.55,2.12,0.254,0.39116,0.27686,0.26416,0.44958,0.32004,0.40132,0.3606799999999999,0.18796,0.25654
58,2016-02-28,0.0,13.0,0.12,0.254,0.39116,0.27432,0.26416,0.44958,0.32004,0.40132,0.3606799999999999,0.18542,0.25654
59,2016-02-29,0.0,12.09,1.25,0.254,0.39116,0.27432,0.26416,0.44958,0.32004,0.3987799999999999,0.3606799999999999,0.1777999999999999,0.25654
60,2016-03-01,0.0,15.46,1.34,0.254,0.39116,0.27432,0.26416,0.44958,0.32004,0.3987799999999999,0.3606799999999999,0.1727199999999999,0.25654
61,2016-03-02,0.0,14.63,3.47,0.254,0.39116,0.27432,0.26416,0.4445,0.32004,0.3987799999999999,0.3606799999999999,0.1651,0.25654
62,2016-03-03,0.0,17.82,2.65,0.254,0.39624,0.2794,0.2667,0.4445,0.32004,0.40132,0.3606799999999999,0.16256,0.25654
63,2016-03-04,0.0,18.92,4.91,0.25146,0.39624,0.2794,0.25654,0.43942,0.30734,0.40132,0.3581399999999999,0.15748,0.25654
64,2016-03-05,0.0,19.22,6.33,0.2438399999999999,0.39624,0.2794,0.24892,0.4292599999999999,0.3047999999999999,0.40132,0.3454399999999999,0.14986,0.25654
65,2016-03-06,13.31,15.21,3.42,0.2413,0.39624,0.2819399999999999,0.2463799999999999,0.4241799999999999,0.2971799999999999,0.40132,0.33274,0.1397,0.25654
66,2016-03-07,0.0,8.8,0.43,0.2463799999999999,0.40132,0.2844799999999999,0.24892,0.4317999999999999,0.30988,0.4191,0.3352799999999999,0.127,0.25908
67,2016-03-08,2.09,10.79,-0.63,0.24892,0.4064,0.2946399999999999,0.24892,0.4317999999999999,0.31242,0.42164,0.3352799999999999,0.12446,0.26162
68,2016-03-09,0.0,10.59,2.16,0.24892,0.40894,0.30226,0.24892,0.4317999999999999,0.31242,0.42164,0.3352799999999999,0.1168399999999999,0.2667
69,2016-03-10,0.0,19.0,3.78,0.25146,0.41402,0.30734,0.25146,0.43688,0.32258,0.4317999999999999,0.3454399999999999,0.10922,0.26924
70,2016-03-11,0.0,18.21,5.22,0.25146,0.41402,0.31242,0.25146,0.4419599999999999,0.32258,0.43434,0.3454399999999999,0.1016,0.27432
71,2016-03-12,0.0,15.94,6.44,0.24892,0.41402,0.31242,0.24892,0.4419599999999999,0.32258,0.43434,0.34036,0.09398,0.26924
72,2016-03-13,4.47,15.32,4.07,0.2463799999999999,0.41402,0.31242,0.2463799999999999,0.4419599999999999,0.32258,0.43434,0.33782,0.0888999999999999,0.26416
73,2016-03-14,5.38,10.81,1.79,0.2438399999999999,0.41402,0.31242,0.2438399999999999,0.4419599999999999,0.30988,0.43942,0.32512,0.0609599999999999,0.26162
74,2016-03-15,0.53,4.11,-0.3,0.25146,0.43434,0.32258,0.24892,0.4622799999999999,0.32512,0.45212,0.34036,0.0635,0.27432
75,2016-03-16,0.0,9.56,-0.49,0.25908,0.4419599999999999,0.32258,0.254,0.47244,0.33274,0.45974,0.3479799999999999,0.06858,0.27686
76,2016-03-17,0.0,11.76,1.02,0.25908,0.4419599999999999,0.32258,0.254,0.47752,0.3352799999999999,0.4622799999999999,0.35052,0.06604,0.2794
77,2016-03-18,0.0,9.84,-1.4,0.25908,0.4419599999999999,0.32258,0.254,0.47752,0.34036,0.46482,0.35052,0.0508,0.2794
78,2016-03-19,0.0,13.55,-1.2,0.25908,0.4419599999999999,0.32258,0.254,0.47752,0.3429,0.46482,0.35052,0.04064,0.2794
79,2016-03-20,0.0,20.66,1.37,0.25908,0.43942,0.3175,0.254,0.47752,0.3454399999999999,0.46482,0.35052,0.0304799999999999,0.2794
80,2016-03-21,6.49,18.73,5.3,0.25146,0.43688,0.30988,0.254,0.4800599999999999,0.3302,0.4622799999999999,0.35052,0.02032,0.27432
81,2016-03-22,4.09,11.45,2.6,0.24892,0.43688,0.30226,0.25654,0.4800599999999999,0.3175,0.4622799999999999,0.34036,0.0152399999999999,0.26924
82,2016-03-23,0.0,10.13,1.11,0.26416,0.4622799999999999,0.32766,0.26162,0.49784,0.33782,0.4800599999999999,0.3479799999999999,0.01016,0.27686
83,2016-03-24,0.0,11.02,1.17,0.2717799999999999,0.4749799999999999,0.33782,0.26924,0.49784,0.34036,0.4800599999999999,0.3479799999999999,0.00508,0.2794
84,2016-03-25,0.0,9.32,1.39,0.2717799999999999,0.47752,0.3429,0.2717799999999999,0.5003799999999999,0.3429,0.4826,0.3479799999999999,0.00508,0.2819399999999999
85,2016-03-26,0.0,10.5,-0.09,0.27432,0.4800599999999999,0.3429,0.2717799999999999,0.5003799999999999,0.3454399999999999,0.48514,0.3479799999999999,0.00508,0.2819399999999999
86,2016-03-27,6.07,15.44,1.15,0.27432,0.4826,0.3429,0.27432,0.5003799999999999,0.3454399999999999,0.48514,0.3479799999999999,0.00508,0.2819399999999999
87,2016-03-28,14.41,7.87,0.34,0.27432,0.4800599999999999,0.3429,0.27432,0.5054599999999999,0.3454399999999999,0.48514,0.35052,0.00508,0.2819399999999999
88,2016-03-29,5.26,7.62,1.26,0.28702,0.4927599999999999,0.3454399999999999,0.27686,0.52832,0.3555999999999999,0.52324,0.37338,0.01016,0.3047999999999999
89,2016-03-30,0.46,9.11,1.93,0.2971799999999999,0.51308,0.35306,0.2844799999999999,0.55118,0.37338,0.53594,0.381,0.0254,0.3175
90,2016-03-31,2.1,11.34,2.01,0.30226,0.5206999999999999,0.3555999999999999,0.28702,0.5613400000000001,0.37592,0.53594,0.38354,0.02032,0.32004
91,2016-04-01,0.0,14.07,1.11,0.30226,0.5334,0.3606799999999999,0.2971799999999999,0.5613400000000001,0.37846,0.53848,0.38354,0.0,0.32004
92,2016-04-02,0.0,16.6,2.48,0.30226,0.5334,0.3606799999999999,0.2946399999999999,0.5613400000000001,0.37592,0.53848,0.381,0.0,0.31496
93,2016-04-03,0.0,20.4,4.86,0.2971799999999999,0.5308599999999999,0.3606799999999999,0.28956,0.55626,0.3682999999999999,0.53848,0.37592,0.0,0.30988
94,2016-04-04,0.0,19.75,6.07,0.28956,0.5257799999999999,0.3555999999999999,0.2844799999999999,0.55118,0.3479799999999999,0.53848,0.36322,0.0,0.2971799999999999
95,2016-04-05,0.0,13.57,2.88,0.2844799999999999,0.52324,0.35306,0.27686,0.53848,0.33274,0.5308599999999999,0.34036,0.0,0.28956
96,2016-04-06,0.0,17.05,2.09,0.2819399999999999,0.5206999999999999,0.35306,0.27432,0.5308599999999999,0.33274,0.5308599999999999,0.32512,0.0,0.28956
97,2016-04-07,0.0,21.87,3.47,0.26416,0.51816,0.35306,0.26416,0.51308,0.30988,0.5308599999999999,0.30734,0.0,0.27432
98,2016-04-08,0.0,23.98,9.64,0.2463799999999999,0.51054,0.35306,0.254,0.4800599999999999,0.28702,0.51816,0.27686,0.0,0.26162
99,2016-04-09,0.0,20.3,10.67,0.22352,0.5003799999999999,0.3479799999999999,0.2336799999999999,0.45212,0.26416,0.508,0.25146,0.0,0.2438399999999999
100,2016-04-10,0.0,19.26,9.52,0.21336,0.49022,0.3429,0.21336,0.42672,0.2336799999999999,0.49784,0.21336,0.0,0.22606
101,2016-04-11,0.0,20.11,8.6,0.2032,0.4749799999999999,0.33782,0.19558,0.41402,0.21082,0.4876799999999999,0.1803399999999999,0.0,0.21082
102,2016-04-12,0.09,21.93,7.78,0.19812,0.4673599999999999,0.33274,0.18542,0.3937,0.18542,0.4673599999999999,0.15494,0.0,0.19304
103,2016-04-13,18.08,14.52,8.17,0.1803399999999999,0.4546599999999999,0.32258,0.1676399999999999,0.36576,0.16002,0.4572,0.127,0.0,0.1777999999999999
104,2016-04-14,14.98,12.57,3.63,0.15748,0.43942,0.30734,0.1523999999999999,0.36576,0.13462,0.4572,0.09144,0.0,0.1676399999999999
105,2016-04-15,3.28,12.39,1.39,0.15748,0.4546599999999999,0.3175,0.1523999999999999,0.381,0.1422399999999999,0.47244,0.08128,0.0,0.1676399999999999
106,2016-04-16,0.0,14.4,1.2,0.16256,0.45974,0.31496,0.15494,0.38608,0.14478,0.4749799999999999,0.0838199999999999,0.0,0.1777999999999999
107,2016-04-17,0.0,15.12,3.6,0.14986,0.45974,0.32258,0.15748,0.38862,0.1397,0.4749799999999999,0.06858,0.0,0.1777999999999999
108,2016-04-18,0.0,16.12,5.94,0.1422399999999999,0.45974,0.32258,0.14478,0.381,0.13208,0.4673599999999999,0.04572,0.0,0.17018
109,2016-04-19,0.0,18.39,6.72,0.1422399999999999,0.46482,0.32258,0.13716,0.36322,0.11176,0.4572,0.02032,0.0,0.16002
110,2016-04-20,0.0,22.93,6.29,0.1422399999999999,0.4572,0.31496,0.127,0.3454399999999999,0.0838199999999999,0.44704,0.00508,0.0,0.14478
111,2016-04-21,0.0,26.52,8.02,0.1219199999999999,0.45212,0.30226,0.11176,0.32004,0.0508,0.43688,0.0,0.0,0.1219199999999999
112,2016-04-22,0.0,25.77,11.34,0.09144,0.43434,0.2794,0.0838199999999999,0.28956,0.0177799999999999,0.42672,0.0,0.0,0.1016
113,2016-04-23,21.36,17.68,7.66,0.06604,0.40894,0.254,0.05588,0.2667,0.0,0.4064,0.0,0.0,0.08128
114,2016-04-24,0.52,15.74,6.02,0.0761999999999999,0.4191,0.254,0.05334,0.2667,0.0,0.41402,0.00508,0.0,0.06604
115,2016-04-25,1.33,13.53,6.74,0.08128,0.4191,0.25146,0.0508,0.2667,0.0,0.41402,0.0,0.0,0.0584199999999999
116,2016-04-26,0.66,15.64,5.78,0.0838199999999999,0.42672,0.25146,0.0508,0.27432,0.0,0.42672,0.0,0.0,0.05588
117,2016-04-27,1.82,16.56,5.62,0.0888999999999999,0.4445,0.26416,0.0584199999999999,0.2794,0.0,0.4546599999999999,0.0,0.0,0.04826
118,2016-04-28,0.7,12.12,6.66,0.0838199999999999,0.4445,0.25908,0.05334,0.27432,0.0,0.46482,0.0,0.0,0.0355599999999999
119,2016-04-29,0.0,13.77,5.38,0.0838199999999999,0.45212,0.26924,0.0635,0.27432,0.0,0.4800599999999999,0.0,0.0,0.0355599999999999
120,2016-04-30,0.0,16.54,4.11,0.08128,0.4546599999999999,0.2717799999999999,0.0635,0.27432,0.0,0.48514,0.0,0.0,0.03302
121,2016-05-01,0.0,15.18,7.76,0.0736599999999999,0.45212,0.26416,0.0584199999999999,0.27432,0.0,0.4876799999999999,0.0,0.0,0.02032
122,2016-05-02,0.0,19.76,6.37,0.0584199999999999,0.44958,0.25908,0.04826,0.27432,0.0,0.4876799999999999,0.0,0.0,0.01016
123,2016-05-03,0.0,22.28,5.26,0.0355599999999999,0.4419599999999999,0.23876,0.02286,0.25146,0.0,0.48514,0.0,0.0,0.0
124,2016-05-04,0.0,26.63,7.42,0.0127,0.42672,0.21336,0.0,0.2209799999999999,0.0,0.46482,0.0,0.0,0.0
125,2016-05-05,0.0,28.6,10.88,0.0,0.40132,0.18288,0.0,0.18542,0.0,0.43434,0.0,0.0,0.0
126,2016-05-06,6.74,22.94,12.13,0.0,0.37592,0.15748,0.0,0.16002,0.0,0.41402,0.0,0.0,0.0
127,2016-05-07,3.6,17.01,8.73,0.00508,0.37592,0.1473199999999999,0.0,0.1041399999999999,0.0,0.40386,0.0,0.0,0.0
128,2016-05-08,14.01,12.74,8.61,0.0,0.37592,0.1422399999999999,0.0,0.09398,0.0,0.4165599999999999,0.0,0.0,0.0
129,2016-05-09,2.0,18.92,7.27,0.0177799999999999,0.39624,0.15748,0.0076199999999999,0.09144,0.0,0.4292599999999999,0.0,0.0,0.0
130,2016-05-10,0.0,15.49,2.3,0.00508,0.38354,0.13462,0.0,0.0584199999999999,0.0,0.40894,0.0,0.0,0.0
131,2016-05-11,0.0,16.79,2.14,0.0,0.381,0.1219199999999999,0.0,0.05588,0.0,0.40132,0.0,0.0,0.0
132,2016-05-12,0.0,23.03,3.64,0.0,0.37338,0.09144,0.0,0.0254,0.0,0.381,0.0,0.0,0.0
133,2016-05-13,0.0,28.22,9.59,0.0,0.35306,0.0609599999999999,0.0,0.01016,0.0,0.3555999999999999,0.0,0.0,0.0
134,2016-05-14,0.0,29.68,10.77,0.0,0.3302,0.0380999999999999,0.0,0.0,0.0,0.32258,0.0,0.0,0.0
135,2016-05-15,0.0,21.26,11.64,0.0,0.30988,0.0254,0.0,0.0,0.0,0.28702,0.0,0.0,0.0
136,2016-05-16,0.0,19.25,7.96,0.0,0.3047999999999999,0.0177799999999999,0.0,0.0,0.0,0.2717799999999999,0.0,0.0,0.0
137,2016-05-17,0.0,19.74,10.24,0.0,0.32258,0.0127,0.0,0.0,0.0,0.2717799999999999,0.0,0.0,0.0
138,2016-05-18,0.0,23.94,8.85,0.0,0.3175,0.0076199999999999,0.0,0.0,0.0,0.25908,0.0,0.0,0.0
139,2016-05-19,16.7,26.25,10.39,0.0,0.30734,0.00508,0.0,0.0,0.0,0.2438399999999999,0.0,0.0,0.0
140,2016-05-20,7.55,22.38,9.04,0.0,0.2819399999999999,0.0,0.0,0.0,0.0,0.2158999999999999,0.0,0.0,0.0
141,2016-05-21,9.56,18.95,7.53,0.0,0.25146,0.0,0.0,0.0,0.0,0.18796,0.0,0.0,0.0
142,2016-05-22,1.32,17.37,6.33,0.0,0.24892,0.0,0.0,0.0,0.0,0.18796,0.0,0.0,0.0
143,2016-05-23,0.0,20.47,4.36,0.0,0.2463799999999999,0.0,0.0,0.0,0.0,0.1905,0.0,0.0,0.0
144,2016-05-24,0.42,19.98,8.57,0.0,0.2413,0.0,0.0,0.0,0.0,0.17018,0.0,0.0,0.0
145,2016-05-25,0.0,19.51,7.64,0.0,0.2311399999999999,0.0,0.0,0.0,0.0,0.15748,0.0,0.0,0.0
146,2016-05-26,0.0,21.65,6.11,0.0,0.21336,0.0,0.0,0.0,0.0,0.1397,0.0,0.0,0.0
147,2016-05-27,0.0,21.98,7.32,0.0,0.19558,0.0,0.0,0.0,0.0,0.127,0.0,0.0,0.0
148,2016-05-28,0.0,22.72,8.78,0.0,0.17526,0.0,0.0,0.0,0.0,0.10668,0.0,0.0,0.0
149,2016-05-29,4.14,27.07,9.59,0.0,0.14986,0.0,0.0,0.0,0.0,0.0838199999999999,0.0,0.0,0.0
150,2016-05-30,0.0,24.46,10.93,0.0,0.12446,0.0,0.0,0.0,0.0,0.0508,0.0,0.0,0.0
151,2016-05-31,0.0,24.88,8.0,0.0,0.09144,0.0,0.0,0.0,0.0,0.0152399999999999,0.0,0.0,0.0
152,2016-06-01,0.0,26.9,10.33,0.0,0.0609599999999999,0.0,0.0,0.0,0.0,0.0,0.0,0.0,0.0
153,2016-06-02,0.0,29.09,11.24,0.0,0.02286,0.0,0.0,0.0,0.0,0.0,0.0,0.0,0.0
154,2016-06-03,0.0,28.53,11.21,0.0,0.0,0.0,0.0,0.0,0.0,0.0,0.0,0.0,0.0
155,2016-06-04,0.0,31.28,13.32,0.0,0.0,0.0,0.0,0.0,0.0,0.0,0.0,0.0,0.0
156,2016-06-05,0.0,33.29,14.71,0.0,0.0,0.0,0.0,0.0,0.0,0.0,0.0,0.0,0.0
157,2016-06-06,0.0,34.04,18.7,0.0,0.0,0.0,0.0,0.0,0.0,0.0,0.0,0.0,0.0
158,2016-06-07,0.0,31.38,17.53,0.0,0.0,0.0,0.0,0.0,0.0,0.0,0.0,0.0,0.0
159,2016-06-08,0.0,33.21,16.66,0.0,0.0,0.0,0.0,0.0,0.0,0.0,0.0,0.0,0.0
160,2016-06-09,0.0,33.19,18.32,0.0,0.0,0.0,0.0,0.0,0.0,0.0,0.0,0.0,0.0
161,2016-06-10,0.0,33.03,15.88,0.0,0.0,0.0,0.0,0.0,0.0,0.0,0.0,0.0,0.0
162,2016-06-11,9.24,25.49,13.26,0.0,0.0,0.0,0.0,0.0,0.0,0.0,0.0,0.0,0.0
163,2016-06-12,1.19,24.98,11.28,0.0,0.0,0.0,0.0,0.0,0.0,0.0,0.0,0.0,0.0
164,2016-06-13,0.81,24.14,11.95,0.0,0.0,0.0,0.0,0.0,0.0,0.0,0.0,0.0,0.0
165,2016-06-14,0.0,27.59,10.94,0.0,0.0,0.0,0.0,0.0,0.0,0.0,0.0,0.0,0.0
166,2016-06-15,0.0,30.68,12.07,0.0,0.0,0.0,0.0,0.0,0.0,0.0,0.0,0.0,0.0
167,2016-06-16,0.0,24.47,10.9,0.0,0.0,0.0,0.0,0.0,0.0,0.0,0.0,0.0,0.0
168,2016-06-17,0.0,29.74,9.7,0.0,0.0,0.0,0.0,0.0,0.0,0.0,0.0,0.0,0.0
169,2016-06-18,0.0,32.88,14.89,0.0,0.0,0.0,0.0,0.0,0.0,0.0,0.0,0.0,0.0
170,2016-06-19,0.0,29.91,12.42,0.0,0.0,0.0,0.0,0.0,0.0,0.0,0.0,0.0,0.0
171,2016-06-20,0.0,35.34,14.4,0.0,0.0,0.0,0.0,0.0,0.0,0.0,0.0,0.0,0.0
172,2016-06-21,0.0,33.91,16.96,0.0,0.0,0.0,0.0,0.0,0.0,0.0,0.0,0.0,0.0
173,2016-06-22,0.0,34.43,14.94,0.0,0.0,0.0,0.0,0.0,0.0,0.0,0.0,0.0,0.0
174,2016-06-23,0.0,34.54,17.53,0.0,0.0,0.0,0.0,0.0,0.0,0.0,0.0,0.0,0.0
175,2016-06-24,0.0,31.36,14.78,0.0,0.0,0.0,0.0,0.0,0.0,0.0,0.0,0.0,0.0
176,2016-06-25,0.0,27.09,10.53,0.0,0.0,0.0,0.0,0.0,0.0,0.0,0.0,0.0,0.0
177,2016-06-26,0.0,31.42,10.55,0.0,0.0,0.0,0.0,0.0,0.0,0.0,0.0,0.0,0.0
178,2016-06-27,0.0,36.55,15.46,0.0,0.0,0.0,0.0,0.0,0.0,0.0,0.0,0.0,0.0
179,2016-06-28,0.0,37.16,18.54,0.0,0.0,0.0,0.0,0.0,0.0,0.0,0.0,0.0,0.0
180,2016-06-29,0.0,35.21,19.66,0.0,0.0,0.0,0.0,0.0,0.0,0.0,0.0,0.0,0.0
181,2016-06-30,0.0,32.22,18.85,0.0,0.0,0.0,0.0,0.0,0.0,0.0,0.0,0.0,0.0
182,2016-07-01,0.0,32.47,17.34,0.0,0.0,0.0,0.0,0.0,0.0,0.0,0.0,0.0,0.0
183,2016-07-02,0.0,31.93,16.52,0.0,0.0,0.0,0.0,0.0,0.0,0.0,0.0,0.0,0.0
184,2016-07-03,0.0,33.63,15.92,0.0,0.0,0.0,0.0,0.0,0.0,0.0,0.0,0.0,0.0
185,2016-07-04,0.0,34.87,18.26,0.0,0.0,0.0,0.0,0.0,0.0,0.0,0.0,0.0,0.0
186,2016-07-05,0.0,32.41,17.25,0.0,0.0,0.0,0.0,0.0,0.0,0.0,0.0,0.0,0.0
187,2016-07-06,0.0,30.66,15.25,0.0,0.0,0.0,0.0,0.0,0.0,0.0,0.0,0.0,0.0
188,2016-07-07,0.0,31.18,13.74,0.0,0.0,0.0,0.0,0.0,0.0,0.0,0.0,0.0,0.0
189,2016-07-08,0.0,35.56,16.92,0.0,0.0,0.0,0.0,0.0,0.0,0.0,0.0,0.0,0.0
190,2016-07-09,0.0,34.76,18.49,0.0,0.0,0.0,0.0,0.0,0.0,0.0,0.0,0.0,0.0
191,2016-07-10,0.0,29.6,13.91,0.0,0.0,0.0,0.0,0.0,0.0,0.0,0.0,0.0,0.0
192,2016-07-11,0.0,24.12,8.95,0.0,0.0,0.0,0.0,0.0,0.0,0.0,0.0,0.0,0.0
193,2016-07-12,0.0,29.66,10.02,0.0,0.0,0.0,0.0,0.0,0.0,0.0,0.0,0.0,0.0
194,2016-07-13,0.0,30.53,12.01,0.0,0.0,0.0,0.0,0.0,0.0,0.0,0.0,0.0,0.0
195,2016-07-14,0.0,33.02,13.49,0.0,0.0,0.0,0.0,0.0,0.0,0.0,0.0,0.0,0.0
196,2016-07-15,0.0,35.37,16.63,0.0,0.0,0.0,0.0,0.0,0.0,0.0,0.0,0.0,0.0
197,2016-07-16,0.0,32.91,17.43,0.0,0.0,0.0,0.0,0.0,0.0,0.0,0.0,0.0,0.0
198,2016-07-17,0.0,32.76,15.51,0.0,0.0,0.0,0.0,0.0,0.0,0.0,0.0,0.0,0.0
199,2016-07-18,0.0,35.59,19.09,0.0,0.0,0.0,0.0,0.0,0.0,0.0,0.0,0.0,0.0
200,2016-07-19,0.0,36.2,22.42,0.0,0.0,0.0,0.0,0.0,0.0,0.0,0.0,0.0,0.0
201,2016-07-20,0.0,36.13,22.79,0.0,0.0,0.0,0.0,0.0,0.0,0.0,0.0,0.0,0.0
202,2016-07-21,0.0,36.92,19.27,0.0,0.0,0.0,0.0,0.0,0.0,0.0,0.0,0.0,0.0
203,2016-07-22,0.0,37.17,21.62,0.0,0.0,0.0,0.0,0.0,0.0,0.0,0.0,0.0,0.0
204,2016-07-23,0.0,33.52,16.41,0.0,0.0,0.0,0.0,0.0,0.0,0.0,0.0,0.0,0.0
205,2016-07-24,0.0,34.25,15.33,0.0,0.0,0.0,0.0,0.0,0.0,0.0,0.0,0.0,0.0
206,2016-07-25,0.0,36.51,17.62,0.0,0.0,0.0,0.0,0.0,0.0,0.0,0.0,0.0,0.0
207,2016-07-26,0.0,37.43,20.03,0.0,0.0,0.0,0.0,0.0,0.0,0.0,0.0,0.0,0.0
208,2016-07-27,0.0,36.73,18.35,0.0,0.0,0.0,0.0,0.0,0.0,0.0,0.0,0.0,0.0
209,2016-07-28,0.0,36.95,18.45,0.0,0.0,0.0,0.0,0.0,0.0,0.0,0.0,0.0,0.0
210,2016-07-29,0.0,37.16,19.28,0.0,0.0,0.0,0.0,0.0,0.0,0.0,0.0,0.0,0.0
211,2016-07-30,0.0,36.21,20.31,0.0,0.0,0.0,0.0,0.0,0.0,0.0,0.0,0.0,0.0
212,2016-07-31,0.0,35.03,19.91,0.0,0.0,0.0,0.0,0.0,0.0,0.0,0.0,0.0,0.0
213,2016-08-01,0.0,35.8,20.03,0.0,0.0,0.0,0.0,0.0,0.0,0.0,0.0,0.0,0.0
214,2016-08-02,0.0,37.06,19.75,0.0,0.0,0.0,0.0,0.0,0.0,0.0,0.0,0.0,0.0
215,2016-08-03,0.0,33.25,19.55,0.0,0.0,0.0,0.0,0.0,0.0,0.0,0.0,0.0,0.0
216,2016-08-04,0.0,32.18,12.56,0.0,0.0,0.0,0.0,0.0,0.0,0.0,0.0,0.0,0.0
217,2016-08-05,2.26,30.77,15.88,0.0,0.0,0.0,0.0,0.0,0.0,0.0,0.0,0.0,0.0
218,2016-08-06,0.0,33.01,16.75,0.0,0.0,0.0,0.0,0.0,0.0,0.0,0.0,0.0,0.0
219,2016-08-07,3.84,33.26,19.29,0.0,0.0,0.0,0.0,0.0,0.0,0.0,0.0,0.0,0.0
220,2016-08-08,0.0,33.69,16.8,0.0,0.0,0.0,0.0,0.0,0.0,0.0,0.0,0.0,0.0
221,2016-08-09,0.0,33.45,18.17,0.0,0.0,0.0,0.0,0.0,0.0,0.0,0.0,0.0,0.0
222,2016-08-10,2.72,29.82,14.37,0.0,0.0,0.0,0.0,0.0,0.0,0.0,0.0,0.0,0.0
223,2016-08-11,0.0,28.85,13.56,0.0,0.0,0.0,0.0,0.0,0.0,0.0,0.0,0.0,0.0
224,2016-08-12,0.0,30.7,13.61,0.0,0.0,0.0,0.0,0.0,0.0,0.0,0.0,0.0,0.0
225,2016-08-13,0.0,32.76,14.86,0.0,0.0,0.0,0.0,0.0,0.0,0.0,0.0,0.0,0.0
226,2016-08-14,0.0,35.01,15.75,0.0,0.0,0.0,0.0,0.0,0.0,0.0,0.0,0.0,0.0
227,2016-08-15,0.0,35.53,18.1,0.0,0.0,0.0,0.0,0.0,0.0,0.0,0.0,0.0,0.0
228,2016-08-16,0.0,33.97,16.01,0.0,0.0,0.0,0.0,0.0,0.0,0.0,0.0,0.0,0.0
229,2016-08-17,0.0,33.1,17.4,0.0,0.0,0.0,0.0,0.0,0.0,0.0,0.0,0.0,0.0
230,2016-08-18,0.0,31.29,18.16,0.0,0.0,0.0,0.0,0.0,0.0,0.0,0.0,0.0,0.0
231,2016-08-19,0.0,31.79,17.18,0.0,0.0,0.0,0.0,0.0,0.0,0.0,0.0,0.0,0.0
232,2016-08-20,0.0,31.19,15.74,0.0,0.0,0.0,0.0,0.0,0.0,0.0,0.0,0.0,0.0
233,2016-08-21,0.0,32.85,15.11,0.0,0.0,0.0,0.0,0.0,0.0,0.0,0.0,0.0,0.0
234,2016-08-22,0.0,31.96,15.52,0.0,0.0,0.0,0.0,0.0,0.0,0.0,0.0,0.0,0.0
235,2016-08-23,0.0,30.66,15.63,0.0,0.0,0.0,0.0,0.0,0.0,0.0,0.0,0.0,0.0
236,2016-08-24,0.0,26.44,11.67,0.0,0.0,0.0,0.0,0.0,0.0,0.0,0.0,0.0,0.0
237,2016-08-25,0.0,27.89,10.98,0.0,0.0,0.0,0.0,0.0,0.0,0.0,0.0,0.0,0.0
238,2016-08-26,0.0,28.12,13.27,0.0,0.0,0.0,0.0,0.0,0.0,0.0,0.0,0.0,0.0
239,2016-08-27,0.0,30.14,14.02,0.0,0.0,0.0,0.0,0.0,0.0,0.0,0.0,0.0,0.0
240,2016-08-28,0.0,31.96,14.3,0.0,0.0,0.0,0.0,0.0,0.0,0.0,0.0,0.0,0.0
241,2016-08-29,0.0,33.3,14.75,0.0,0.0,0.0,0.0,0.0,0.0,0.0,0.0,0.0,0.0
242,2016-08-30,0.0,34.61,15.29,0.0,0.0,0.0,0.0,0.0,0.0,0.0,0.0,0.0,0.0
243,2016-08-31,0.0,34.7,17.92,0.0,0.0,0.0,0.0,0.0,0.0,0.0,0.0,0.0,0.0
244,2016-09-01,6.4,32.38,17.42,0.0,0.0,0.0,0.0,0.0,0.0,0.0,0.0,0.0,0.0
245,2016-09-02,0.0,32.34,17.4,0.0,0.0,0.0,0.0,0.0,0.0,0.0,0.0,0.0,0.0
246,2016-09-03,0.0,28.71,13.92,0.0,0.0,0.0,0.0,0.0,0.0,0.0,0.0,0.0,0.0
247,2016-09-04,0.28,24.53,12.99,0.0,0.0,0.0,0.0,0.0,0.0,0.0,0.0,0.0,0.0
248,2016-09-05,0.0,23.03,8.46,0.0,0.0,0.0,0.0,0.0,0.0,0.0,0.0,0.0,0.0
249,2016-09-06,0.0,25.55,8.42,0.0,0.0,0.0,0.0,0.0,0.0,0.0,0.0,0.0,0.0
250,2016-09-07,0.0,26.9,11.32,0.0,0.0,0.0,0.0,0.0,0.0,0.0,0.0,0.0,0.0
251,2016-09-08,0.0,25.4,11.13,0.0,0.0,0.0,0.0,0.0,0.0,0.0,0.0,0.0,0.0
252,2016-09-09,0.0,24.59,9.82,0.0,0.0,0.0,0.0,0.0,0.0,0.0,0.0,0.0,0.0
253,2016-09-10,0.0,27.06,7.78,0.0,0.0,0.0,0.0,0.0,0.0,0.0,0.0,0.0,0.0
254,2016-09-11,0.0,30.08,11.01,0.0,0.0,0.0,0.0,0.0,0.0,0.0,0.0,0.0,0.0
255,2016-09-12,1.1,27.53,12.27,0.0,0.0,0.0,0.0,0.0,0.0,0.0,0.0,0.0,0.0
256,2016-09-13,7.02,26.57,10.51,0.0,0.0,0.0,0.0,0.0,0.0,0.0,0.0,0.0,0.0
257,2016-09-14,8.0,20.61,10.37,0.0,0.0,0.0,0.0,0.0,0.0,0.0,0.0,0.0,0.0
258,2016-09-15,0.0,18.72,9.59,0.0,0.0,0.0,0.0,0.0,0.0,0.0,0.0,0.0,0.0
259,2016-09-16,0.0,22.26,8.29,0.0,0.0,0.0,0.0,0.0,0.0,0.0,0.0,0.0,0.0
260,2016-09-17,0.0,25.12,9.46,0.0,0.0,0.0,0.0,0.0,0.0,0.0,0.0,0.0,0.0
261,2016-09-18,0.0,28.49,12.26,0.0,0.0,0.0,0.0,0.0,0.0,0.0,0.0,0.0,0.0
262,2016-09-19,0.0,31.71,13.82,0.0,0.0,0.0,0.0,0.0,0.0,0.0,0.0,0.0,0.0
263,2016-09-20,0.0,31.08,15.08,0.0,0.0,0.0,0.0,0.0,0.0,0.0,0.0,0.0,0.0
264,2016-09-21,4.27,28.54,13.82,0.0,0.0,0.0,0.0,0.0,0.0,0.0,0.0,0.0,0.0
265,2016-09-22,30.53,25.18,10.64,0.0,0.0,0.0,0.0,0.0,0.0,0.0,0.0,0.0,0.0
266,2016-09-23,37.58,11.07,7.43,0.0127,0.0127,0.0,0.0,0.0076199999999999,0.0,0.00254,0.0,0.0,0.0
267,2016-09-24,0.0,16.97,7.02,0.00254,0.01016,0.0,0.00254,0.0127,0.00254,0.0,0.00254,0.0,0.00508
268,2016-09-25,0.0,19.29,5.65,0.02286,0.0254,0.0152399999999999,0.0152399999999999,0.0177799999999999,0.0,0.0,0.0,0.0,0.0
269,2016-09-26,0.0,22.55,7.53,0.0076199999999999,0.0177799999999999,0.00508,0.00508,0.0076199999999999,0.0,0.0,0.0,0.0,0.0
270,2016-09-27,0.0,24.49,9.68,0.0,0.0076199999999999,0.0,0.0,0.0,0.0,0.0,0.0,0.0,0.0
271,2016-09-28,0.87,27.75,10.66,0.0,0.0,0.0,0.0,0.0,0.0,0.0,0.0,0.0,0.0
272,2016-09-29,0.62,24.37,12.82,0.0,0.0,0.0,0.0,0.0,0.0,0.0,0.0,0.0,0.0
273,2016-09-30,0.0,25.88,13.34,0.0,0.0,0.0,0.0,0.0,0.0,0.0,0.0,0.0,0.0
274,2016-10-01,3.81,25.32,12.93,0.0,0.0,0.0,0.0,0.0,0.0,0.0,0.0,0.0,0.0
275,2016-10-02,0.0,25.1,13.19,0.0,0.0,0.0,0.0,0.0,0.0,0.0,0.0,0.0,0.0
276,2016-10-03,2.02,17.72,6.59,0.0,0.0,0.0,0.0,0.0,0.0,0.0,0.0,0.0,0.0
277,2016-10-04,0.0,15.65,4.72,0.00508,0.01016,0.00254,0.0,0.00254,0.01016,0.00254,0.01016,0.0,0.0
278,2016-10-05,0.0,15.67,4.15,0.0,0.00508,0.0,0.0,0.0,0.00508,0.00254,0.01016,0.0,0.0
279,2016-10-06,0.0,14.59,2.63,0.0,0.0076199999999999,0.00508,0.0,0.0,0.0076199999999999,0.00508,0.00508,0.0,0.0
280,2016-10-07,0.0,18.48,3.03,0.0,0.0076199999999999,0.00508,0.0,0.0,0.0,0.0,0.00254,0.0,0.0
281,2016-10-08,0.0,20.35,5.13,0.0,0.00508,0.00254,0.0,0.0,0.0,0.0,0.0,0.0,0.0
282,2016-10-09,0.0,23.96,7.16,0.0,0.00254,0.0,0.0,0.0,0.0,0.0,0.0,0.0,0.0
283,2016-10-10,0.0,24.85,9.95,0.0,0.0,0.0,0.0,0.0,0.0,0.0,0.0,0.0,0.0
284,2016-10-11,0.0,20.89,9.41,0.0,0.0,0.0,0.0,0.0,0.0,0.0,0.0,0.0,0.0
285,2016-10-12,0.0,20.14,4.14,0.0,0.0,0.0,0.0,0.0,0.0,0.0,0.0,0.0,0.0
286,2016-10-13,0.0,22.21,6.57,0.0,0.0,0.0,0.0,0.0,0.0,0.0,0.0,0.0,0.0
287,2016-10-14,0.0,22.19,10.63,0.0,0.0,0.0,0.0,0.0,0.0,0.0,0.0,0.0,0.0
288,2016-10-15,0.0,23.73,12.33,0.0,0.0,0.0,0.0,0.0,0.0,0.0,0.0,0.0,0.0
289,2016-10-16,12.53,19.16,8.71,0.0,0.0,0.0,0.0,0.0,0.0,0.0,0.0,0.0,0.0
290,2016-10-17,9.75,14.94,5.33,0.0,0.0,0.0,0.0,0.00508,0.0,0.0,0.0,0.0,0.0
291,2016-10-18,0.98,14.44,2.68,0.0,0.0127,0.01016,0.0,0.0304799999999999,0.0,0.0,0.00508,0.0,0.0
292,2016-10-19,0.0,13.45,2.79,0.0,0.0127,0.01016,0.0,0.03302,0.00254,0.0,0.00508,0.0,0.0
293,2016-10-20,0.0,15.62,1.01,0.0,0.0127,0.00508,0.0,0.0304799999999999,0.00254,0.0,0.0076199999999999,0.0,0.0
294,2016-10-21,0.0,18.17,3.29,0.0,0.01016,0.00254,0.0,0.0254,0.0,0.0,0.00254,0.0,0.0
295,2016-10-22,0.0,21.86,6.41,0.0,0.00508,0.0,0.0,0.0177799999999999,0.0,0.0,0.0,0.0,0.0
296,2016-10-23,2.18,22.05,7.86,0.0,0.0,0.0,0.0,0.0076199999999999,0.0,0.0,0.0,0.0,0.0
297,2016-10-24,1.47,18.58,11.06,0.0,0.0,0.0,0.0,0.0,0.0,0.0,0.0,0.0,0.0
298,2016-10-25,0.0,20.48,10.8,0.0,0.0,0.0,0.0,0.0,0.0,0.0,0.0,0.0,0.0
299,2016-10-26,0.0,22.08,8.01,0.0,0.0,0.0,0.0,0.0,0.0,0.0,0.0,0.0,0.0
300,2016-10-27,0.0,24.42,9.92,0.0,0.0,0.0,0.0,0.0,0.0,0.0,0.0,0.0,0.0
301,2016-10-28,7.24,19.85,11.16,0.0,0.0,0.0,0.0,0.0,0.0,0.0,0.0,0.0,0.0
302,2016-10-29,0.0,20.68,11.43,0.0,0.0,0.0,0.0,0.0,0.0,0.0,0.0,0.0,0.0
303,2016-10-30,4.45,21.55,10.94,0.0,0.0,0.0,0.0,0.0,0.0,0.0,0.0,0.0,0.0
304,2016-10-31,2.04,16.66,6.43,0.0,0.0,0.0,0.0,0.0,0.0,0.0,0.0,0.0,0.0
305,2016-11-01,2.4,12.47,4.22,0.0,0.0076199999999999,0.0076199999999999,0.0,0.0,0.0,0.0,0.0,0.0,0.0
306,2016-11-02,0.0,12.51,1.69,0.0,0.0152399999999999,0.01016,0.0,0.0,0.0,0.0,0.0,0.0,0.0
307,2016-11-03,0.0,13.79,1.82,0.0,0.0152399999999999,0.01016,0.0,0.0,0.0,0.0,0.0,0.0,0.0
308,2016-11-04,0.0,16.58,2.87,0.0,0.0127,0.00508,0.0,0.0,0.0,0.0,0.0,0.0,0.0
309,2016-11-05,0.0,17.19,3.72,0.0,0.0076199999999999,0.0,0.0,0.0,0.0,0.0,0.0,0.0,0.0
310,2016-11-06,0.0,19.46,4.69,0.0,0.00254,0.0,0.0,0.0,0.0,0.0,0.0,0.0,0.0
311,2016-11-07,0.0,18.46,4.59,0.0,0.0,0.0,0.0,0.0,0.0,0.0,0.0,0.0,0.0
312,2016-11-08,0.0,17.94,4.46,0.0,0.0,0.0,0.0,0.0,0.0,0.0,0.0,0.0,0.0
313,2016-11-09,0.0,18.55,4.88,0.0,0.0,0.0,0.0,0.0,0.0,0.0,0.0,0.0,0.0
314,2016-11-10,0.0,17.44,5.05,0.0,0.0,0.0,0.0,0.0,0.0,0.0,0.0,0.0,0.0
315,2016-11-11,0.0,17.11,4.64,0.0,0.0,0.0,0.0,0.0,0.0,0.0,0.0,0.0,0.0
316,2016-11-12,0.0,18.78,5.65,0.0,0.0,0.0,0.0,0.0,0.0,0.0,0.0,0.0,0.0
317,2016-11-13,0.0,17.51,4.55,0.0,0.0,0.0,0.0,0.0,0.0,0.0,0.0,0.0,0.0
318,2016-11-14,0.0,19.37,5.1,0.0,0.0,0.0,0.0,0.0,0.0,0.0,0.0,0.0,0.0
319,2016-11-15,0.0,21.19,5.94,0.0,0.0,0.0,0.0,0.0,0.0,0.0,0.0,0.0,0.0
320,2016-11-16,1.66,12.65,2.04,0.0,0.0,0.0,0.0,0.0,0.0,0.0,0.0,0.0,0.0
321,2016-11-17,0.0,5.52,-2.08,0.0,0.0,0.0,0.0,0.0,0.0,0.0,0.0,0.0,0.0
322,2016-11-18,0.0,6.29,-5.01,0.0,0.01016,0.00508,0.00508,0.00508,0.01016,0.00508,0.00508,0.0,0.00254
323,2016-11-19,0.0,15.32,-0.15,0.00254,0.0076199999999999,0.00508,0.00508,0.00508,0.01016,0.00508,0.00508,0.0,0.00254
324,2016-11-20,8.36,18.97,5.09,0.00254,0.00508,0.00254,0.00508,0.00254,0.0076199999999999,0.00254,0.00254,0.0,0.00254
325,2016-11-21,7.88,10.26,4.6,0.00254,0.00508,0.00254,0.00508,0.00254,0.00254,0.00254,0.0,0.0,0.00254
326,2016-11-22,0.0,8.53,-0.48,0.0127,0.02286,0.0152399999999999,0.01016,0.0152399999999999,0.02032,0.02032,0.02032,0.0076199999999999,0.01016
327,2016-11-23,4.12,10.31,-1.26,0.0152399999999999,0.02794,0.0152399999999999,0.01016,0.0152399999999999,0.02032,0.02032,0.02032,0.0076199999999999,0.01016
328,2016-11-24,0.0,6.53,-2.46,0.02286,0.04572,0.0254,0.0127,0.02286,0.04064,0.03302,0.04064,0.01016,0.0152399999999999
329,2016-11-25,0.0,10.85,-2.0,0.02286,0.04572,0.0254,0.0127,0.02286,0.04064,0.03302,0.04064,0.01016,0.0152399999999999
330,2016-11-26,0.72,13.29,-0.3,0.02032,0.04572,0.0431799999999999,0.0127,0.02286,0.04064,0.03302,0.04064,0.01016,0.0152399999999999
331,2016-11-27,5.51,6.61,0.92,0.0254,0.04572,0.04572,0.0177799999999999,0.0254,0.0431799999999999,0.04064,0.04064,0.01016,0.0177799999999999
332,2016-11-28,10.03,1.89,-2.08,0.0355599999999999,0.0609599999999999,0.05334,0.02286,0.0355599999999999,0.0609599999999999,0.0609599999999999,0.0584199999999999,0.0177799999999999,0.0254
333,2016-11-29,0.0,3.44,-6.52,0.0431799999999999,0.1016,0.0635,0.0355599999999999,0.05588,0.0863599999999999,0.0761999999999999,0.0838199999999999,0.0254,0.0355599999999999
334,2016-11-30,1.2,2.54,-5.0,0.0431799999999999,0.1016,0.06604,0.0355599999999999,0.05588,0.0863599999999999,0.0761999999999999,0.0838199999999999,0.0254,0.0355599999999999
335,2016-12-01,0.87,2.19,-4.16,0.04572,0.1016,0.06604,0.0355599999999999,0.05588,0.0863599999999999,0.0761999999999999,0.0838199999999999,0.0254,0.0355599999999999
336,2016-12-02,0.0,3.0,-6.35,0.04572,0.1016,0.06604,0.0355599999999999,0.05588,0.0863599999999999,0.0761999999999999,0.0838199999999999,0.0254,0.0355599999999999
337,2016-12-03,0.0,1.22,-5.4,0.04572,0.1016,0.06604,0.0355599999999999,0.05588,0.0863599999999999,0.0761999999999999,0.0838199999999999,0.0254,0.0355599999999999
338,2016-12-04,0.0,6.46,-4.63,0.04572,0.1016,0.06604,0.0355599999999999,0.05588,0.0863599999999999,0.0761999999999999,0.0863599999999999,0.0254,0.0355599999999999
339,2016-12-05,0.0,4.97,-6.87,0.04572,0.1143,0.0711199999999999,0.0380999999999999,0.0609599999999999,0.0888999999999999,0.0761999999999999,0.0863599999999999,0.02794,0.0355599999999999
340,2016-12-06,0.0,-1.6,-9.95,0.04572,0.11938,0.0736599999999999,0.0380999999999999,0.0609599999999999,0.0888999999999999,0.08128,0.0863599999999999,0.02794,0.0355599999999999
341,2016-12-07,0.0,-1.49,-9.78,0.04572,0.12446,0.07874,0.0380999999999999,0.0609599999999999,0.0888999999999999,0.08128,0.0863599999999999,0.02794,0.0355599999999999
342,2016-12-08,3.51,-1.02,-10.5,0.04572,0.12446,0.07874,0.0380999999999999,0.0609599999999999,0.0888999999999999,0.08128,0.0863599999999999,0.02794,0.0355599999999999
343,2016-12-09,1.36,6.15,-2.37,0.05588,0.12954,0.08128,0.0508,0.0711199999999999,0.09144,0.09398,0.09652,0.0355599999999999,0.0355599999999999
344,2016-12-10,35.33,7.75,0.42,0.0635,0.13462,0.0838199999999999,0.0609599999999999,0.09398,0.09652,0.09906,0.10668,0.0431799999999999,0.05588
345,2016-12-11,0.0,5.82,-1.0,0.09652,0.17526,0.10668,0.09144,0.15494,0.127,0.13462,0.14986,0.0736599999999999,0.09144
346,2016-12-12,0.0,5.78,-4.24,0.09652,0.1803399999999999,0.11176,0.09398,0.1651,0.12954,0.13716,0.15494,0.0761999999999999,0.09398
347,2016-12-13,0.0,3.48,-4.38,0.09652,0.1803399999999999,0.11176,0.09398,0.1651,0.12954,0.13716,0.15494,0.0761999999999999,0.09398
348,2016-12-14,7.66,2.98,-2.17,0.09652,0.1803399999999999,0.11176,0.09398,0.1651,0.12954,0.13716,0.15494,0.0761999999999999,0.09398
349,2016-12-15,9.65,10.5,0.21,0.10922,0.19304,0.1219199999999999,0.1041399999999999,0.17526,0.13208,0.14478,0.16256,0.0863599999999999,0.10668
350,2016-12-16,21.27,8.92,-1.99,0.10922,0.19812,0.1219199999999999,0.1016,0.18796,0.13462,0.1523999999999999,0.1651,0.09144,0.11176
351,2016-12-17,0.0,-3.59,-9.35,0.1422399999999999,0.2438399999999999,0.127,0.11938,0.2209799999999999,0.16002,0.1727199999999999,0.18542,0.09652,0.12954
352,2016-12-18,0.0,-4.1,-11.91,0.1422399999999999,0.2438399999999999,0.127,0.11938,0.2209799999999999,0.16002,0.1727199999999999,0.18542,0.09652,0.12954
353,2016-12-19,0.0,-1.15,-12.6,0.1422399999999999,0.2438399999999999,0.127,0.11938,0.2209799999999999,0.16002,0.1727199999999999,0.18542,0.09652,0.12954
354,2016-12-20,0.0,4.39,-4.83,0.14478,0.2463799999999999,0.12954,0.127,0.22352,0.16256,0.1777999999999999,0.1905,0.09652,0.12954
355,2016-12-21,0.0,3.16,-4.32,0.14478,0.2463799999999999,0.12954,0.127,0.22352,0.16256,0.1777999999999999,0.1905,0.09652,0.12954
356,2016-12-22,0.0,1.35,-5.92,0.1473199999999999,0.2463799999999999,0.12954,0.127,0.22352,0.16256,0.1777999999999999,0.1905,0.09652,0.12954
357,2016-12-23,2.99,3.52,-5.75,0.1473199999999999,0.2463799999999999,0.12954,0.127,0.22352,0.16256,0.1777999999999999,0.1905,0.09652,0.12954
358,2016-12-24,12.02,5.6,-3.2,0.1473199999999999,0.2463799999999999,0.12954,0.127,0.22606,0.16256,0.1905,0.1905,0.09652,0.13462
359,2016-12-25,4.56,-2.0,-7.81,0.16256,0.254,0.13462,0.12954,0.2311399999999999,0.1676399999999999,0.21844,0.20066,0.09652,0.13716
360,2016-12-26,0.0,-2.35,-12.13,0.1676399999999999,0.26162,0.1422399999999999,0.13716,0.2463799999999999,0.18542,0.2209799999999999,0.21082,0.1016,0.1422399999999999
361,2016-12-27,0.0,-2.84,-13.06,0.1676399999999999,0.26162,0.1422399999999999,0.13716,0.2463799999999999,0.18542,0.2209799999999999,0.21082,0.1016,0.1422399999999999
362,2016-12-28,0.0,1.38,-8.67,0.1676399999999999,0.26162,0.1422399999999999,0.1397,0.2463799999999999,0.18542,0.22352,0.21082,0.1041399999999999,0.14478
363,2016-12-29,0.0,1.09,-10.1,0.1676399999999999,0.26416,0.14478,0.1397,0.2463799999999999,0.18542,0.22352,0.21082,0.1041399999999999,0.14478
364,2016-12-30,0.0,-1.32,-8.88,0.1676399999999999,0.26416,0.14478,0.1397,0.2463799999999999,0.18542,0.22352,0.21082,0.1041399999999999,0.14478
365,2016-12-31,,,,0.1676399999999999,0.26416,0.14478,0.1397,0.2463799999999999,0.18542,0.22352,0.21082,0.1041399999999999,0.14478
366,2017-01-01,8.0,-4.16,-10.26,0.1676399999999999,0.26416,0.14478,0.1397,0.2463799999999999,0.18542,0.22352,0.21082,0.1041399999999999,0.14478
367,2017-01-02,2.01,-0.89,-11.59,0.17018,0.26924,0.1473199999999999,0.1422399999999999,0.254,0.18542,0.23622,0.21082,0.1041399999999999,0.1473199999999999
368,2017-01-03,0.63,-1.91,-10.52,0.18796,0.28956,0.16256,0.15748,0.2667,0.20066,0.25654,0.2286,0.1143,0.15494
369,2017-01-04,10.94,2.9,-8.14,0.19304,0.2946399999999999,0.17018,0.1651,0.2667,0.20066,0.2667,0.2311399999999999,0.1143,0.15748
370,2017-01-05,0.0,-4.29,-15.13,0.2286,0.3302,0.19304,0.19558,0.32258,0.2209799999999999,0.2946399999999999,0.2794,0.1422399999999999,0.19304
371,2017-01-06,0.0,-9.79,-20.27,0.2286,0.3302,0.19304,0.19558,0.32258,0.2209799999999999,0.2946399999999999,0.2794,0.1422399999999999,0.19304
372,2017-01-07,2.86,-5.2,-17.77,0.2286,0.3302,0.19304,0.19558,0.32258,0.2209799999999999,0.2946399999999999,0.2794,0.1422399999999999,0.19304
373,2017-01-08,10.09,5.25,-9.13,0.23876,0.3454399999999999,0.19812,0.20066,0.32766,0.22352,0.30226,0.2819399999999999,0.14478,0.19558
374,2017-01-09,9.32,7.71,-1.85,0.25654,0.35052,0.20066,0.2082799999999999,0.34036,0.2311399999999999,0.31242,0.3047999999999999,0.15748,0.2057399999999999
375,2017-01-10,11.56,6.4,0.69,0.2819399999999999,0.40894,0.2311399999999999,0.2311399999999999,0.381,0.2413,0.34036,0.32512,0.1651,0.2286
376,2017-01-11,14.93,5.25,-0.3,0.30734,0.44704,0.25146,0.24892,0.4241799999999999,0.24892,0.3581399999999999,0.3454399999999999,0.1905,0.25654
377,2017-01-12,0.0,2.16,-3.22,0.33274,0.49022,0.2946399999999999,0.2717799999999999,0.4699,0.2794,0.38354,0.38862,0.2209799999999999,0.28956
378,2017-01-13,0.0,1.86,-4.98,0.33274,0.4952999999999999,0.3047999999999999,0.2717799999999999,0.47752,0.2794,0.39624,0.3987799999999999,0.2209799999999999,0.28956
379,2017-01-14,0.0,1.14,-6.65,0.33274,0.4952999999999999,0.3047999999999999,0.2717799999999999,0.47752,0.2794,0.39624,0.3987799999999999,0.2209799999999999,0.28956
380,2017-01-15,0.0,-0.43,-9.55,0.33274,0.4952999999999999,0.3047999999999999,0.2717799999999999,0.47752,0.2794,0.39624,0.3987799999999999,0.2209799999999999,0.28956
381,2017-01-16,0.0,-1.82,-10.95,0.33274,0.4952999999999999,0.3047999999999999,0.2717799999999999,0.47752,0.2794,0.39624,0.3987799999999999,0.2209799999999999,0.28956
382,2017-01-17,0.0,-1.15,-11.3,0.33274,0.4952999999999999,0.3047999999999999,0.2717799999999999,0.47752,0.2794,0.39624,0.3987799999999999,0.2209799999999999,0.28956
383,2017-01-18,0.0,-0.39,-9.97,0.33274,0.4952999999999999,0.3047999999999999,0.2717799999999999,0.47752,0.2794,0.39624,0.3987799999999999,0.2209799999999999,0.28956
384,2017-01-19,7.58,0.6,-7.24,0.33274,0.4952999999999999,0.3047999999999999,0.2717799999999999,0.47752,0.2794,0.39624,0.3987799999999999,0.2209799999999999,0.28956
385,2017-01-20,6.39,5.04,-2.27,0.34036,0.5003799999999999,0.30734,0.2794,0.4826,0.2794,0.39624,0.4064,0.22606,0.2920999999999999
386,2017-01-21,6.38,1.69,-2.3,0.34036,0.50292,0.30734,0.2794,0.48514,0.2794,0.4114799999999999,0.40894,0.22606,0.2946399999999999
387,2017-01-22,15.54,4.31,-4.31,0.3479799999999999,0.51308,0.31496,0.28702,0.4952999999999999,0.2920999999999999,0.4292599999999999,0.4241799999999999,0.2336799999999999,0.30226
388,2017-01-23,21.48,3.63,-2.31,0.3555999999999999,0.51816,0.31496,0.2946399999999999,0.51308,0.29972,0.44704,0.45212,0.254,0.32004
389,2017-01-24,0.0,-0.73,-3.76,0.381,0.54864,0.32512,0.32258,0.54102,0.32004,0.49022,0.49022,0.26924,0.3454399999999999
390,2017-01-25,0.0,-1.3,-6.63,0.381,0.55118,0.32512,0.32512,0.54864,0.32258,0.49022,0.4927599999999999,0.26924,0.3454399999999999
391,2017-01-26,0.0,-0.38,-7.92,0.381,0.55372,0.3302,0.32766,0.55372,0.32512,0.49022,0.4952999999999999,0.26924,0.3454399999999999
392,2017-01-27,0.0,-3.18,-14.89,0.381,0.55372,0.3302,0.32766,0.55626,0.32766,0.4927599999999999,0.5003799999999999,0.26924,0.3454399999999999
393,2017-01-28,0.0,-2.56,-14.3,0.381,0.55372,0.3302,0.32766,0.55626,0.32766,0.4952999999999999,0.5003799999999999,0.26924,0.3454399999999999
394,2017-01-29,0.0,-0.59,-11.55,0.381,0.55626,0.3302,0.3302,0.55626,0.32766,0.49784,0.5003799999999999,0.26924,0.3454399999999999
395,2017-01-30,0.0,-1.14,-10.22,0.38354,0.55626,0.3302,0.3302,0.5588,0.32766,0.49784,0.5003799999999999,0.26924,0.3454399999999999
396,2017-01-31,0.0,-1.12,-7.9,0.38354,0.55626,0.3302,0.3302,0.5588,0.32766,0.49784,0.5003799999999999,0.26924,0.3454399999999999
397,2017-02-01,0.0,4.24,-5.26,0.38354,0.55626,0.3302,0.3302,0.5588,0.32766,0.49784,0.5003799999999999,0.26924,0.3454399999999999
398,2017-02-02,1.61,3.12,-4.48,0.38354,0.55626,0.3302,0.3302,0.5588,0.32766,0.49784,0.5003799999999999,0.26924,0.3454399999999999
399,2017-02-03,0.0,7.09,-2.69,0.38354,0.55626,0.3302,0.33274,0.5638799999999999,0.32766,0.50292,0.508,0.26924,0.3454399999999999
400,2017-02-04,0.0,10.83,0.68,0.39116,0.5638799999999999,0.33782,0.33782,0.56642,0.32766,0.51054,0.508,0.2717799999999999,0.3479799999999999
401,2017-02-05,0.0,10.89,1.88,0.39624,0.5689599999999999,0.34036,0.33782,0.5689599999999999,0.32766,0.51562,0.51308,0.27432,0.3479799999999999
402,2017-02-06,5.09,9.44,3.01,0.39624,0.5689599999999999,0.3429,0.33782,0.5689599999999999,0.32766,0.51816,0.51308,0.27432,0.35052
403,2017-02-07,8.48,10.0,1.94,0.3987799999999999,0.57912,0.3479799999999999,0.3429,0.5892799999999999,0.32766,0.5257799999999999,0.52324,0.27686,0.3581399999999999
404,2017-02-08,3.53,12.27,1.94,0.4165599999999999,0.6095999999999999,0.3555999999999999,0.35306,0.61976,0.32766,0.54102,0.52324,0.2667,0.37592
405,2017-02-09,0.95,13.8,3.75,0.4165599999999999,0.6095999999999999,0.3555999999999999,0.35306,0.6248400000000001,0.32512,0.5435599999999999,0.52324,0.26416,0.37846
406,2017-02-10,12.94,11.54,3.16,0.4165599999999999,0.61214,0.3555999999999999,0.3429,0.61722,0.3175,0.5461,0.5206999999999999,0.26416,0.3682999999999999
407,2017-02-11,0.0,6.99,-0.08,0.42164,0.63754,0.381,0.33782,0.6273799999999999,0.32258,0.5638799999999999,0.51054,0.26924,0.37338
408,2017-02-12,0.0,5.61,-4.02,0.42672,0.6527799999999999,0.3937,0.3429,0.6324599999999999,0.33782,0.58674,0.51054,0.28702,0.381
409,2017-02-13,0.0,4.57,-6.09,0.42672,0.6527799999999999,0.3937,0.3429,0.6324599999999999,0.33782,0.58674,0.51054,0.28702,0.381
410,2017-02-14,0.0,6.41,-4.61,0.42672,0.6527799999999999,0.3937,0.3429,0.6324599999999999,0.33782,0.58674,0.51054,0.28702,0.381
411,2017-02-15,0.0,8.5,-3.3,0.42672,0.6527799999999999,0.3937,0.3429,0.6324599999999999,0.33782,0.58674,0.51054,0.28702,0.381
412,2017-02-16,0.0,11.86,-1.28,0.42672,0.6527799999999999,0.3937,0.3429,0.6324599999999999,0.33782,0.58674,0.51054,0.28702,0.381
413,2017-02-17,2.62,10.62,-1.64,0.42672,0.6527799999999999,0.38862,0.3429,0.6324599999999999,0.3352799999999999,0.58674,0.5206999999999999,0.2844799999999999,0.381
414,2017-02-18,8.75,11.54,3.46,0.42672,0.6604,0.38354,0.3429,0.6324599999999999,0.33782,0.59944,0.52832,0.2819399999999999,0.38354
415,2017-02-19,5.75,10.84,3.58,0.42672,0.6604,0.38354,0.3454399999999999,0.635,0.33782,0.61214,0.52832,0.2794,0.38608
416,2017-02-20,0.0,11.72,2.51,0.43688,0.67818,0.39624,0.3479799999999999,0.6578599999999999,0.3454399999999999,0.635,0.55372,0.2819399999999999,0.40386
417,2017-02-21,8.45,16.9,2.84,0.4445,0.68072,0.3987799999999999,0.3479799999999999,0.6604,0.3429,0.64262,0.55372,0.2717799999999999,0.40386
418,2017-02-22,4.38,4.66,-0.63,0.4699,0.70358,0.40894,0.3581399999999999,0.68072,0.36322,0.66548,0.55372,0.27686,0.40894
419,2017-02-23,5.82,-0.13,-3.59,0.4800599999999999,0.7162799999999999,0.4165599999999999,0.3682999999999999,0.6858,0.37592,0.68072,0.5638799999999999,0.27432,0.4165599999999999
420,2017-02-24,0.7,0.62,-5.0,0.47752,0.73152,0.4241799999999999,0.37338,0.6985,0.40386,0.6883400000000001,0.58674,0.27686,0.42164
421,2017-02-25,0.0,0.23,-8.25,0.47244,0.7340599999999999,0.4241799999999999,0.37338,0.70104,0.4114799999999999,0.6908799999999999,0.5943599999999999,0.27686,0.4241799999999999
422,2017-02-26,4.27,3.16,-9.46,0.4800599999999999,0.74422,0.42672,0.37592,0.70866,0.4165599999999999,0.70104,0.60452,0.2794,0.4292599999999999
423,2017-02-27,3.35,2.74,-6.68,0.4800599999999999,0.74422,0.42672,0.37592,0.70866,0.4165599999999999,0.70104,0.60452,0.2794,0.4292599999999999
424,2017-02-28,0.0,1.8,-7.81,0.5054599999999999,0.77724,0.44704,0.40386,0.73152,0.4419599999999999,0.7340599999999999,0.6527799999999999,0.2920999999999999,0.44958
425,2017-03-01,0.0,5.44,-5.0,0.5054599999999999,0.77724,0.44704,0.40386,0.74676,0.4419599999999999,0.7340599999999999,0.6527799999999999,0.2920999999999999,0.44958
426,2017-03-02,0.0,7.52,-6.15,0.5054599999999999,0.77724,0.44704,0.40386,0.74676,0.4419599999999999,0.7340599999999999,0.6527799999999999,0.2920999999999999,0.44958
427,2017-03-03,0.0,10.96,-2.88,0.5054599999999999,0.77724,0.44704,0.40386,0.74676,0.4419599999999999,0.7340599999999999,0.6527799999999999,0.2920999999999999,0.44958
428,2017-03-04,0.0,15.25,2.42,0.5054599999999999,0.77724,0.44704,0.40386,0.74676,0.4419599999999999,0.7340599999999999,0.6527799999999999,0.2920999999999999,0.44958
429,2017-03-05,7.2,13.92,0.84,0.5054599999999999,0.77724,0.44704,0.40386,0.74676,0.4419599999999999,0.7340599999999999,0.6527799999999999,0.2920999999999999,0.44958
430,2017-03-06,1.41,3.55,-4.03,0.51562,0.79502,0.4572,0.4165599999999999,0.77216,0.46482,0.74168,0.67564,0.2946399999999999,0.4546599999999999
431,2017-03-07,0.0,9.05,-2.39,0.5257799999999999,0.8051799999999999,0.46482,0.4292599999999999,0.8000999999999999,0.46482,0.7493,0.68326,0.2971799999999999,0.46482
432,2017-03-08,0.0,14.34,2.55,0.5308599999999999,0.8051799999999999,0.46482,0.4292599999999999,0.8000999999999999,0.46482,0.7493,0.68326,0.2971799999999999,0.46482
433,2017-03-09,0.0,16.43,3.4,0.5308599999999999,0.8051799999999999,0.46482,0.4292599999999999,0.8000999999999999,0.46482,0.7493,0.68326,0.2920999999999999,0.46482
434,2017-03-10,0.0,15.8,4.81,0.5308599999999999,0.8051799999999999,0.46482,0.4292599999999999,0.8000999999999999,0.45974,0.7493,0.68326,0.2819399999999999,0.46482
435,2017-03-11,0.0,15.54,2.43,0.5308599999999999,0.80264,0.46482,0.42164,0.8000999999999999,0.4546599999999999,0.7493,0.68326,0.26924,0.4572
436,2017-03-12,0.0,15.12,4.85,0.5308599999999999,0.8000999999999999,0.46482,0.4165599999999999,0.8000999999999999,0.45212,0.7493,0.68326,0.26416,0.45212
437,2017-03-13,0.0,18.32,3.5,0.5308599999999999,0.8000999999999999,0.46482,0.4114799999999999,0.8000999999999999,0.4445,0.7493,0.68326,0.25908,0.44958
438,2017-03-14,0.0,21.72,4.24,0.5257799999999999,0.8000999999999999,0.46482,0.40132,0.8000999999999999,0.43688,0.7493,0.67818,0.2413,0.44704
439,2017-03-15,0.0,23.04,5.76,0.51562,0.7975599999999999,0.46482,0.3937,0.8000999999999999,0.42672,0.7493,0.66802,0.21844,0.43942
440,2017-03-16,0.0,20.85,7.06,0.5003799999999999,0.79248,0.46482,0.381,0.7874,0.41402,0.7493,0.65024,0.19812,0.42672
441,2017-03-17,0.0,21.93,5.31,0.4826,0.7874,0.46482,0.37084,0.77216,0.40132,0.7493,0.6273799999999999,0.1727199999999999,0.41402
442,2017-03-18,0.0,24.69,7.12,0.4673599999999999,0.7848599999999999,0.46482,0.3606799999999999,0.75692,0.38608,0.7493,0.61214,0.1523999999999999,0.4064
443,2017-03-19,0.0,20.12,7.6,0.44704,0.78232,0.46482,0.35052,0.73914,0.3682999999999999,0.7493,0.57658,0.1219199999999999,0.39624
444,2017-03-20,0.0,20.47,7.26,0.4317999999999999,0.77724,0.46482,0.33782,0.7239,0.35052,0.7493,0.55118,0.09906,0.38354
445,2017-03-21,1.86,22.78,10.52,0.42164,0.77724,0.45974,0.32766,0.70866,0.3352799999999999,0.74422,0.52324,0.07874,0.37084
446,2017-03-22,13.23,16.23,8.2,0.4064,0.76962,0.44704,0.30988,0.6985,0.31496,0.74676,0.47752,0.05334,0.3581399999999999
447,2017-03-23,17.99,8.21,2.51,0.3987799999999999,0.76708,0.44704,0.2920999999999999,0.69342,0.2971799999999999,0.75184,0.44958,0.0380999999999999,0.3479799999999999
448,2017-03-24,0.0,14.12,0.64,0.40132,0.7746999999999999,0.4546599999999999,0.30226,0.7365999999999999,0.3175,0.7594599999999999,0.4749799999999999,0.04826,0.36322
449,2017-03-25,5.17,9.71,2.45,0.40132,0.76708,0.4546599999999999,0.2971799999999999,0.7365999999999999,0.31496,0.75692,0.47752,0.0304799999999999,0.36322
450,2017-03-26,0.0,11.1,1.3,0.40386,0.77216,0.4572,0.29972,0.7365999999999999,0.32512,0.76454,0.4876799999999999,0.0254,0.36322
451,2017-03-27,4.28,8.94,1.7,0.40386,0.76962,0.4572,0.29972,0.74168,0.32512,0.76454,0.48514,0.01016,0.3606799999999999
452,2017-03-28,0.0,12.76,2.32,0.4165599999999999,0.8128,0.48514,0.32004,0.74676,0.33782,0.78232,0.5054599999999999,0.00254,0.36322
453,2017-03-29,0.0,13.04,0.77,0.4165599999999999,0.81788,0.4826,0.32258,0.74676,0.33782,0.78232,0.5054599999999999,0.0,0.3682999999999999
454,2017-03-30,5.97,10.61,3.0,0.4165599999999999,0.81788,0.4800599999999999,0.32004,0.74676,0.33274,0.78232,0.5054599999999999,0.0,0.3581399999999999
455,2017-03-31,0.0,13.39,4.39,0.43942,0.8483599999999999,0.4927599999999999,0.33782,0.74422,0.3352799999999999,0.80264,0.51308,0.0,0.35306
456,2017-04-01,0.0,16.21,5.86,0.43942,0.8509,0.5003799999999999,0.34036,0.76454,0.33782,0.81026,0.51308,0.0,0.3581399999999999
457,2017-04-02,2.68,10.94,3.55,0.43942,0.8483599999999999,0.5003799999999999,0.33274,0.76454,0.3352799999999999,0.81026,0.5054599999999999,0.0,0.35052
458,2017-04-03,0.0,10.07,-0.76,0.4419599999999999,0.85344,0.5054599999999999,0.33782,0.76962,0.3429,0.80772,0.51054,0.0,0.3555999999999999
459,2017-04-04,0.0,10.02,-1.7,0.44704,0.8509,0.50292,0.33782,0.77216,0.34036,0.80772,0.51054,0.0,0.35052
460,2017-04-05,0.0,14.96,-0.94,0.44704,0.8483599999999999,0.49784,0.33782,0.77216,0.33782,0.80772,0.51054,0.0,0.3479799999999999
461,2017-04-06,0.0,23.22,2.65,0.44704,0.8483599999999999,0.4952999999999999,0.33782,0.76962,0.3352799999999999,0.80772,0.51054,0.0,0.34036
462,2017-04-07,13.75,20.18,9.39,0.43688,0.84074,0.47752,0.32004,0.76454,0.31496,0.80772,0.48514,0.0,0.3175
463,2017-04-08,19.07,15.8,1.33,0.4317999999999999,0.83566,0.45974,0.30226,0.7594599999999999,0.29972,0.8051799999999999,0.43942,0.0,0.2971799999999999
464,2017-04-09,0.0,9.17,0.15,0.43688,0.86614,0.4876799999999999,0.30988,0.7848599999999999,0.32766,0.8229599999999999,0.4546599999999999,0.0,0.3047999999999999
465,2017-04-10,0.0,14.55,-0.27,0.43688,0.86868,0.4952999999999999,0.31242,0.7975599999999999,0.3352799999999999,0.82804,0.46482,0.0,0.30734
466,2017-04-11,0.0,16.02,1.62,0.43434,0.86868,0.4952999999999999,0.31242,0.7975599999999999,0.33274,0.82804,0.46482,0.0,0.30734
467,2017-04-12,0.0,22.12,4.95,0.41402,0.86868,0.4952999999999999,0.3047999999999999,0.7975599999999999,0.32766,0.82804,0.46482,0.0,0.30734
468,2017-04-13,0.0,25.23,6.25,0.39116,0.86614,0.4952999999999999,0.2794,0.7797799999999999,0.30988,0.81788,0.43942,0.0,0.28956
469,2017-04-14,0.0,15.21,4.66,0.3606799999999999,0.8635999999999999,0.4927599999999999,0.2438399999999999,0.74422,0.27432,0.81026,0.37592,0.0,0.26924
470,2017-04-15,0.0,13.41,0.55,0.3606799999999999,0.8458199999999999,0.4876799999999999,0.23876,0.7239,0.26924,0.8000999999999999,0.37338,0.0,0.26416
471,2017-04-16,0.0,20.13,2.0,0.35306,0.8331199999999999,0.4876799999999999,0.22352,0.71374,0.25146,0.79248,0.3555999999999999,0.0,0.254
472,2017-04-17,0.0,19.79,7.66,0.32004,0.83058,0.4749799999999999,0.19304,0.69342,0.2158999999999999,0.7746999999999999,0.3047999999999999,0.0,0.22606
473,2017-04-18,15.02,15.71,7.51,0.3047999999999999,0.8128,0.4572,0.1727199999999999,0.66294,0.18542,0.75184,0.24892,0.0,0.20066
474,2017-04-19,2.62,15.25,5.31,0.3047999999999999,0.81534,0.45212,0.16002,0.6578599999999999,0.1777999999999999,0.7365999999999999,0.22606,0.0,0.1905
475,2017-04-20,3.45,11.12,3.94,0.30988,0.7975599999999999,0.4546599999999999,0.15748,0.65532,0.17018,0.7365999999999999,0.2057399999999999,0.0,0.18288
476,2017-04-21,0.0,12.26,2.34,0.30988,0.81026,0.46482,0.16256,0.6705599999999999,0.16256,0.7493,0.20066,0.0,0.1727199999999999
477,2017-04-22,0.0,16.65,1.83,0.30988,0.8128,0.46482,0.16256,0.6705599999999999,0.17018,0.7493,0.2057399999999999,0.0,0.17526
478,2017-04-23,0.0,18.28,4.73,0.30988,0.8128,0.44958,0.14478,0.66548,0.15494,0.7543799999999999,0.17526,0.0,0.1523999999999999
479,2017-04-24,9.77,11.78,4.97,0.2920999999999999,0.81534,0.43434,0.127,0.64262,0.12954,0.7543799999999999,0.127,0.0,0.12954
480,2017-04-25,0.1,11.34,3.38,0.2971799999999999,0.8255,0.44958,0.13462,0.6578599999999999,0.1473199999999999,0.76708,0.13208,0.0,0.12954
481,2017-04-26,5.3,12.61,4.19,0.3047999999999999,0.8382,0.4572,0.1422399999999999,0.66294,0.1676399999999999,0.7797799999999999,0.14986,0.0,0.12954
482,2017-04-27,0.67,9.83,2.88,0.32258,0.8458199999999999,0.4546599999999999,0.1473199999999999,0.67564,0.17526,0.7874,0.1651,0.00508,0.13462
483,2017-04-28,0.93,7.23,0.09,0.32258,0.8610599999999999,0.45974,0.16256,0.6883400000000001,0.18288,0.8051799999999999,0.1727199999999999,0.0,0.13716
484,2017-04-29,0.0,13.23,1.06,0.32766,0.8763,0.4699,0.1727199999999999,0.70358,0.19304,0.81026,0.18288,0.00254,0.1397
485,2017-04-30,0.0,15.76,1.84,0.32766,0.8763,0.4622799999999999,0.1651,0.70358,0.1905,0.81026,0.1803399999999999,0.0,0.1397
486,2017-05-01,0.19,16.27,5.68,0.3302,0.8763,0.4546599999999999,0.1676399999999999,0.70358,0.18288,0.81026,0.1676399999999999,0.0,0.127
487,2017-05-02,0.0,17.6,7.17,0.31496,0.87376,0.43942,0.1523999999999999,0.6908799999999999,0.1676399999999999,0.81026,0.14478,0.0,0.10668
488,2017-05-03,0.0,19.27,4.46,0.30226,0.8763,0.4241799999999999,0.1473199999999999,0.68326,0.1523999999999999,0.79502,0.11938,0.0,0.0888999999999999
489,2017-05-04,0.0,23.92,6.54,0.2844799999999999,0.8763,0.42164,0.12446,0.65532,0.12446,0.7797799999999999,0.0711199999999999,0.0,0.0635
490,2017-05-05,0.0,29.54,9.48,0.25146,0.8763,0.4064,0.07874,0.6070599999999999,0.08128,0.74676,0.04064,0.0,0.0355599999999999
491,2017-05-06,0.0,28.73,14.09,0.2057399999999999,0.8559800000000001,0.37846,0.02286,0.5588,0.03302,0.69342,0.02032,0.0,0.01016
492,2017-05-07,0.0,25.88,11.7,0.17526,0.8382,0.35306,0.0,0.52832,0.0177799999999999,0.67564,0.0127,0.0,0.0
493,2017-05-08,0.0,21.25,11.05,0.14478,0.80772,0.32512,0.0,0.48514,0.0076199999999999,0.6273799999999999,0.0,0.0,0.0
494,2017-05-09,0.0,23.69,9.61,0.127,0.79502,0.30734,0.0,0.4673599999999999,0.0,0.62992,0.0076199999999999,0.0,0.0
495,2017-05-10,0.0,24.73,10.07,0.09906,0.7797799999999999,0.2717799999999999,0.0,0.43434,0.0,0.59182,0.00508,0.0,0.0
496,2017-05-11,0.0,27.03,9.7,0.0635,0.75692,0.23622,0.0,0.40894,0.0,0.57404,0.00254,0.0,0.0
497,2017-05-12,0.0,29.14,8.35,0.0304799999999999,0.72644,0.1905,0.0,0.37338,0.0,0.52832,0.0,0.0,0.0
498,2017-05-13,0.0,17.4,4.33,0.0,0.67818,0.1422399999999999,0.0,0.33274,0.0,0.4800599999999999,0.0,0.0,0.0
499,2017-05-14,0.0,19.47,2.33,0.0,0.6604,0.1041399999999999,0.0,0.32512,0.0,0.46482,0.0,0.0,0.0
500,2017-05-15,0.0,19.88,4.54,0.0,0.62992,0.0635,0.0,0.28956,0.0,0.44704,0.0,0.0,0.0
501,2017-05-16,12.8,17.65,8.3,0.0,0.5969,0.0431799999999999,0.0,0.26162,0.0,0.43434,0.0,0.0,0.0
502,2017-05-17,5.17,10.11,0.97,0.0,0.58674,0.03302,0.0,0.24892,0.0,0.42164,0.0076199999999999,0.0,0.0
503,2017-05-18,0.0,10.14,-0.97,0.0,0.59944,0.0380999999999999,0.0,0.26162,0.0076199999999999,0.42672,0.0152399999999999,0.0,0.00508
504,2017-05-19,0.0,14.8,3.95,0.0,0.6095999999999999,0.0431799999999999,0.0,0.2717799999999999,0.00254,0.4292599999999999,0.0152399999999999,0.0,0.0076199999999999
505,2017-05-20,0.0,19.82,4.52,0.0,0.6095999999999999,0.04064,0.0,0.2717799999999999,0.0,0.4292599999999999,0.0076199999999999,0.0,0.00254
506,2017-05-21,2.46,19.04,7.35,0.0,0.60198,0.0304799999999999,0.0,0.26162,0.0,0.42164,0.00508,0.0,0.0
507,2017-05-22,0.0,22.72,7.33,0.0,0.59944,0.02032,0.0,0.2438399999999999,0.0,0.40894,0.0,0.0,0.0
508,2017-05-23,0.0,25.91,9.81,0.0,0.57658,0.0,0.0,0.19558,0.0,0.37846,0.0,0.0,0.0
509,2017-05-24,0.82,28.66,10.47,0.0,0.5334,0.0,0.0,0.14478,0.0,0.33782,0.0,0.0,0.0
510,2017-05-25,0.0,21.1,9.34,0.0,0.4876799999999999,0.0,0.0,0.07874,0.0,0.30988,0.0,0.0,0.0
511,2017-05-26,0.0,19.17,7.7,0.0,0.46482,0.0,0.0,0.0304799999999999,0.0,0.2794,0.0,0.0,0.0
512,2017-05-27,0.0,21.3,5.2,0.0,0.46482,0.0,0.0,0.0076199999999999,0.0,0.25908,0.0,0.0,0.0
513,2017-05-28,0.0,24.41,7.06,0.0,0.43688,0.0,0.0,0.0,0.0,0.2336799999999999,0.0,0.0,0.0
514,2017-05-29,0.0,27.57,10.49,0.0,0.3987799999999999,0.0,0.0,0.0,0.0,0.2082799999999999,0.0,0.0,0.0
515,2017-05-30,0.0,29.68,11.57,0.0,0.3581399999999999,0.0,0.0,0.0,0.0,0.17018,0.0,0.0,0.0
516,2017-05-31,0.0,31.7,13.38,0.0,0.31496,0.0,0.0,0.0,0.0,0.12954,0.0,0.0,0.0
517,2017-06-01,0.0,28.35,14.71,0.0,0.2717799999999999,0.0,0.0,0.0,0.0,0.0888999999999999,0.0,0.0,0.0
518,2017-06-02,0.0,26.11,11.17,0.0,0.23876,0.0,0.0,0.0,0.0,0.05588,0.0,0.0,0.0
519,2017-06-03,0.0,31.25,11.37,0.0,0.19304,0.0,0.0,0.0,0.0,0.01016,0.0,0.0,0.0
520,2017-06-04,0.0,33.99,13.86,0.0,0.1473199999999999,0.0,0.0,0.0,0.0,0.0,0.0,0.0,0.0
521,2017-06-05,0.0,30.62,15.0,0.0,0.0,0.0,0.0,0.0,0.0,0.0,0.0,0.0,0.0
522,2017-06-06,0.0,32.74,14.14,0.0,0.0,0.0,0.0,0.0,0.0,0.0,0.0,0.0,0.0
523,2017-06-07,0.0,34.42,17.74,0.0,0.0,0.0,0.0,0.0,0.0,0.0,0.0,0.0,0.0
524,2017-06-08,0.0,33.27,16.29,0.0,0.0,0.0,0.0,0.0,0.0,0.0,0.0,0.0,0.0
525,2017-06-09,0.0,29.63,12.1,0.0,0.0,0.0,0.0,0.0,0.0,0.0,0.0,0.0,0.0
526,2017-06-10,0.0,27.01,10.07,0.0,0.0,0.0,0.0,0.0,0.0,0.0,0.0,0.0,0.0
527,2017-06-11,0.0,30.52,12.49,0.0,0.0,0.0,0.0,0.0,0.0,0.0,0.0,0.0,0.0
528,2017-06-12,10.77,23.0,11.07,0.0,0.0,0.0,0.0,0.0,0.0,0.0,0.0,0.0,0.0
529,2017-06-13,15.51,18.79,7.53,0.0,0.0,0.0,0.0,0.0,0.0,0.0,0.0,0.0,0.0
530,2017-06-14,0.0,24.57,8.95,0.0,0.0,0.0,0.0,0.01016,0.0,0.0,0.0,0.0,0.0
531,2017-06-15,0.0,29.25,11.16,0.0,0.0,0.0,0.0,0.0,0.0,0.0,0.0,0.0,0.0
532,2017-06-16,0.0,31.13,12.93,0.0,0.0,0.0,0.0,0.0,0.0,0.0,0.0,0.0,0.0
533,2017-06-17,0.0,25.99,15.18,0.0,0.0,0.0,0.0,0.0,0.0,0.0,0.0,0.0,0.0
534,2017-06-18,0.0,29.09,11.74,0.0,0.0,0.0,0.0,0.0,0.0,0.0,0.0,0.0,0.0
535,2017-06-19,0.0,32.13,14.76,0.0,0.0,0.0,0.0,0.0,0.0,0.0,0.0,0.0,0.0
536,2017-06-20,0.0,36.25,17.42,0.0,0.0,0.0,0.0,0.0,0.0,0.0,0.0,0.0,0.0
537,2017-06-21,0.0,35.74,17.55,0.0,0.0,0.0,0.0,0.0,0.0,0.0,0.0,0.0,0.0
538,2017-06-22,0.0,30.23,14.43,0.0,0.0,0.0,0.0,0.0,0.0,0.0,0.0,0.0,0.0
539,2017-06-23,0.0,30.21,10.95,0.0,0.0,0.0,0.0,0.0,0.0,0.0,0.0,0.0,0.0
540,2017-06-24,0.0,31.25,12.67,0.0,0.0,0.0,0.0,0.0,0.0,0.0,0.0,0.0,0.0
541,2017-06-25,0.0,33.56,13.94,0.0,0.0,0.0,0.0,0.0,0.0,0.0,0.0,0.0,0.0
542,2017-06-26,0.0,35.72,16.96,0.0,0.0,0.0,0.0,0.0,0.0,0.0,0.0,0.0,0.0
543,2017-06-27,0.0,32.98,18.22,0.0,0.0,0.0,0.0,0.0,0.0,0.0,0.0,0.0,0.0
544,2017-06-28,0.0,31.87,14.25,0.0,0.0,0.0,0.0,0.0,0.0,0.0,0.0,0.0,0.0
545,2017-06-29,0.0,29.55,13.83,0.0,0.0,0.0,0.0,0.0,0.0,0.0,0.0,0.0,0.0
546,2017-06-30,0.0,29.61,12.7,0.0,0.0,0.0,0.0,0.0,0.0,0.0,0.0,0.0,0.0
547,2017-07-01,0.0,33.3,13.16,0.0,0.0,0.0,0.0,0.0,0.0,0.0,0.0,0.0,0.0
548,2017-07-02,0.0,35.81,16.13,0.0,0.0,0.0,0.0,0.0,0.0,0.0,0.0,0.0,0.0
549,2017-07-03,0.0,35.21,17.86,0.0,0.0,0.0,0.0,0.0,0.0,0.0,0.0,0.0,0.0
550,2017-07-04,0.0,37.31,18.02,0.0,0.0,0.0,0.0,0.0,0.0,0.0,0.0,0.0,0.0
551,2017-07-05,0.0,39.01,18.77,0.0,0.0,0.0,0.0,0.0,0.0,0.0,0.0,0.0,0.0
552,2017-07-06,0.0,37.79,18.56,0.0,0.0,0.0,0.0,0.0,0.0,0.0,0.0,0.0,0.0
553,2017-07-07,0.0,37.71,19.91,0.0,0.0,0.0,0.0,0.0,0.0,0.0,0.0,0.0,0.0
554,2017-07-08,0.0,38.1,20.82,0.0,0.0,0.0,0.0,0.0,0.0,0.0,0.0,0.0,0.0
555,2017-07-09,0.0,36.8,20.46,0.0,0.0,0.0,0.0,0.0,0.0,0.0,0.0,0.0,0.0
556,2017-07-10,0.0,35.24,21.49,0.0,0.0,0.0,0.0,0.0,0.0,0.0,0.0,0.0,0.0
557,2017-07-11,0.0,34.13,18.99,0.0,0.0,0.0,0.0,0.0,0.0,0.0,0.0,0.0,0.0
558,2017-07-12,0.0,34.51,16.96,0.0,0.0,0.0,0.0,0.0,0.0,0.0,0.0,0.0,0.0
559,2017-07-13,0.0,35.71,17.13,0.0,0.0,0.0,0.0,0.0,0.0,0.0,0.0,0.0,0.0
560,2017-07-14,0.0,36.34,18.43,0.0,0.0,0.0,0.0,0.0,0.0,0.0,0.0,0.0,0.0
561,2017-07-15,0.0,37.15,18.16,0.0,0.0,0.0,0.0,0.0,0.0,0.0,0.0,0.0,0.0
562,2017-07-16,0.0,36.49,20.66,0.0,0.0,0.0,0.0,0.0,0.0,0.0,0.0,0.0,0.0
563,2017-07-17,0.0,35.39,20.96,0.0,0.0,0.0,0.0,0.0,0.0,0.0,0.0,0.0,0.0
564,2017-07-18,0.0,36.03,18.07,0.0,0.0,0.0,0.0,0.0,0.0,0.0,0.0,0.0,0.0
565,2017-07-19,0.0,33.96,20.63,0.0,0.0,0.0,0.0,0.0,0.0,0.0,0.0,0.0,0.0
566,2017-07-20,3.15,34.34,19.69,0.0,0.0,0.0,0.0,0.0,0.0,0.0,0.0,0.0,0.0
567,2017-07-21,0.0,34.98,20.86,0.0,0.0,0.0,0.0,0.0,0.0,0.0,0.0,0.0,0.0
568,2017-07-22,0.0,35.83,17.62,0.0,0.0,0.0,0.0,0.0,0.0,0.0,0.0,0.0,0.0
569,2017-07-23,0.0,36.68,17.37,0.0,0.0,0.0,0.0,0.0,0.0,0.0,0.0,0.0,0.0
570,2017-07-24,0.23,34.87,18.04,0.0,0.0,0.0,0.0,0.0,0.0,0.0,0.0,0.0,0.0
571,2017-07-25,4.08,31.46,17.39,0.0,0.0,0.0,0.0,0.0,0.0,0.0,0.0,0.0,0.0
572,2017-07-26,3.13,30.2,17.05,0.0,0.0,0.0,0.0,0.0,0.0,0.0,0.0,0.0,0.0
573,2017-07-27,0.0,31.11,16.04,0.0,0.0,0.0,0.0,0.0,0.0,0.0,0.0,0.0,0.0
574,2017-07-28,0.0,31.24,16.54,0.0,0.0,0.0,0.0,0.0,0.0,0.0,0.0,0.0,0.0
575,2017-07-29,0.0,33.81,15.92,0.0,0.0,0.0,0.0,0.0,0.0,0.0,0.0,0.0,0.0
576,2017-07-30,0.0,35.29,17.8,0.0,0.0,0.0,0.0,0.0,0.0,0.0,0.0,0.0,0.0
577,2017-07-31,0.0,35.74,17.86,0.0,0.0,0.0,0.0,0.0,0.0,0.0,0.0,0.0,0.0
578,2017-08-01,0.0,35.92,19.4,0.0,0.0,0.0,0.0,0.0,0.0,0.0,0.0,0.0,0.0
579,2017-08-02,0.0,35.46,17.79,0.0,0.0,0.0,0.0,0.0,0.0,0.0,0.0,0.0,0.0
580,2017-08-03,0.0,35.06,18.0,0.0,0.0,0.0,0.0,0.0,0.0,0.0,0.0,0.0,0.0
581,2017-08-04,0.0,35.08,18.24,0.0,0.0,0.0,0.0,0.0,0.0,0.0,0.0,0.0,0.0
582,2017-08-05,0.0,33.66,19.14,0.0,0.0,0.0,0.0,0.0,0.0,0.0,0.0,0.0,0.0
583,2017-08-06,0.0,32.27,15.98,0.0,0.0,0.0,0.0,0.0,0.0,0.0,0.0,0.0,0.0
584,2017-08-07,0.0,30.14,16.58,0.0,0.0,0.0,0.0,0.0,0.0,0.0,0.0,0.0,0.0
585,2017-08-08,0.67,29.76,16.39,0.0,0.0,0.0,0.0,0.0,0.0,0.0,0.0,0.0,0.0
586,2017-08-09,1.18,31.03,16.49,0.0,0.0,0.0,0.0,0.0,0.0,0.0,0.0,0.0,0.0
587,2017-08-10,0.0,30.57,16.5,0.0,0.0,0.0,0.0,0.0,0.0,0.0,0.0,0.0,0.0
588,2017-08-11,1.06,33.43,16.25,0.0,0.0,0.0,0.0,0.0,0.0,0.0,0.0,0.0,0.0
589,2017-08-12,0.82,34.24,17.74,0.0,0.0,0.0,0.0,0.0,0.0,0.0,0.0,0.0,0.0
590,2017-08-13,0.0,33.48,18.96,0.0,0.0,0.0,0.0,0.0,0.0,0.0,0.0,0.0,0.0
591,2017-08-14,0.0,28.51,15.53,0.0,0.0,0.0,0.0,0.0,0.0,0.0,0.0,0.0,0.0
592,2017-08-15,0.0,27.71,13.24,0.0,0.0,0.0,0.0,0.0,0.0,0.0,0.0,0.0,0.0
593,2017-08-16,0.0,30.94,13.14,0.0,0.0,0.0,0.0,0.0,0.0,0.0,0.0,0.0,0.0
594,2017-08-17,0.0,31.74,14.8,0.0,0.0,0.0,0.0,0.0,0.0,0.0,0.0,0.0,0.0
595,2017-08-18,0.0,32.4,15.11,0.0,0.0,0.0,0.0,0.0,0.0,0.0,0.0,0.0,0.0
596,2017-08-19,0.0,34.25,15.15,0.0,0.0,0.0,0.0,0.0,0.0,0.0,0.0,0.0,0.0
597,2017-08-20,0.0,33.66,16.21,0.0,0.0,0.0,0.0,0.0,0.0,0.0,0.0,0.0,0.0
598,2017-08-21,0.0,33.13,16.0,0.0,0.0,0.0,0.0,0.0,0.0,0.0,0.0,0.0,0.0
599,2017-08-22,0.0,32.53,15.74,0.0,0.0,0.0,0.0,0.0,0.0,0.0,0.0,0.0,0.0
600,2017-08-23,0.0,31.77,16.53,0.0,0.0,0.0,0.0,0.0,0.0,0.0,0.0,0.0,0.0
601,2017-08-24,0.0,31.39,16.01,0.0,0.0,0.0,0.0,0.0,0.0,0.0,0.0,0.0,0.0
602,2017-08-25,0.0,33.95,16.94,0.0,0.0,0.0,0.0,0.0,0.0,0.0,0.0,0.0,0.0
603,2017-08-26,0.0,35.12,17.14,0.0,0.0,0.0,0.0,0.0,0.0,0.0,0.0,0.0,0.0
604,2017-08-27,0.0,35.72,16.48,0.0,0.0,0.0,0.0,0.0,0.0,0.0,0.0,0.0,0.0
605,2017-08-28,0.0,36.09,16.76,0.0,0.0,0.0,0.0,0.0,0.0,0.0,0.0,0.0,0.0
606,2017-08-29,0.0,35.94,17.24,0.0,0.0,0.0,0.0,0.0,0.0,0.0,0.0,0.0,0.0
607,2017-08-30,0.0,32.65,19.13,0.0,0.0,0.0,0.0,0.0,0.0,0.0,0.0,0.0,0.0
608,2017-08-31,0.0,30.75,18.92,0.0,0.0,0.0,0.0,0.0,0.0,0.0,0.0,0.0,0.0
609,2017-09-01,0.0,31.92,15.86,0.0,0.0,0.0,0.0,0.0,0.0,0.0,0.0,0.0,0.0
610,2017-09-02,0.0,33.2,15.45,0.0,0.0,0.0,0.0,0.0,0.0,0.0,0.0,0.0,0.0
611,2017-09-03,0.0,34.79,16.69,0.0,0.0,0.0,0.0,0.0,0.0,0.0,0.0,0.0,0.0
612,2017-09-04,0.0,35.41,16.72,0.0,0.0,0.0,0.0,0.0,0.0,0.0,0.0,0.0,0.0
613,2017-09-05,0.0,32.39,17.73,0.0,0.0,0.0,0.0,0.0,0.0,0.0,0.0,0.0,0.0
614,2017-09-06,0.0,32.56,16.22,0.0,0.0,0.0,0.0,0.0,0.0,0.0,0.0,0.0,0.0
615,2017-09-07,0.0,31.58,15.34,0.0,0.0,0.0,0.0,0.0,0.0,0.0,0.0,0.0,0.0
616,2017-09-08,0.0,31.91,16.23,0.0,0.0,0.0,0.0,0.0,0.0,0.0,0.0,0.0,0.0
617,2017-09-09,0.0,27.86,15.53,0.0,0.0,0.0,0.0,0.0,0.0,0.0,0.0,0.0,0.0
618,2017-09-10,0.0,29.27,15.59,0.0,0.0,0.0,0.0,0.0,0.0,0.0,0.0,0.0,0.0
619,2017-09-11,0.0,31.56,15.24,0.0,0.0,0.0,0.0,0.0,0.0,0.0,0.0,0.0,0.0
620,2017-09-12,0.0,30.67,15.23,0.0,0.0,0.0,0.0,0.0,0.0,0.0,0.0,0.0,0.0
621,2017-09-13,0.0,29.66,15.41,0.0,0.0,0.0,0.0,0.0,0.0,0.0,0.0,0.0,0.0
622,2017-09-14,17.85,24.83,14.09,0.0,0.0,0.0,0.0,0.0,0.0,0.0,0.0,0.0,0.0
623,2017-09-15,13.17,20.25,11.31,0.0,0.0,0.0,0.0,0.0,0.0,0.0,0.0,0.0,0.0
624,2017-09-16,0.0,19.49,6.26,0.0,0.00508,0.00254,0.0,0.0,0.0,0.0,0.0,0.0,0.0
625,2017-09-17,0.0,22.98,6.58,0.0,0.0,0.0,0.0,0.0,0.0,0.0,0.0,0.0,0.0
626,2017-09-18,5.14,27.63,9.84,0.0,0.0,0.0,0.0,0.0,0.0,0.0,0.0,0.0,0.0
627,2017-09-19,2.64,18.32,6.76,0.0,0.0,0.0,0.0,0.0,0.0,0.0,0.0,0.0,0.0
628,2017-09-20,0.0,22.67,4.83,0.0,0.01016,0.0,0.0,0.0,0.0,0.0,0.0,0.0254,0.0
629,2017-09-21,7.52,13.81,3.96,0.0,0.0,0.0,0.0,0.0,0.0,0.0,0.0,0.0,0.0
630,2017-09-22,3.24,10.06,4.02,0.0,0.01016,0.0,0.0,0.0,0.01016,0.0,0.0076199999999999,0.0,0.0
631,2017-09-23,4.04,13.68,2.11,0.0,0.0152399999999999,0.0,0.0,0.0,0.0,0.0,0.00254,0.0,0.0
632,2017-09-24,2.63,10.85,4.65,0.0,0.02794,0.0127,0.0,0.00254,0.0127,0.0076199999999999,0.0177799999999999,0.00254,0.0
633,2017-09-25,0.0,16.19,3.42,0.0254,0.0431799999999999,0.0304799999999999,0.0177799999999999,0.00508,0.02794,0.02032,0.02794,0.00508,0.0
634,2017-09-26,0.0,19.48,3.2,0.0152399999999999,0.0355599999999999,0.02794,0.0127,0.0,0.0254,0.0152399999999999,0.02032,0.00254,0.0
635,2017-09-27,0.0,22.27,6.67,0.00508,0.03302,0.0254,0.0076199999999999,0.0,0.0177799999999999,0.0127,0.0152399999999999,0.0,0.0
636,2017-09-28,0.0,22.04,9.05,0.0,0.02794,0.02032,0.0,0.0,0.0076199999999999,0.01016,0.01016,0.0,0.0
637,2017-09-29,0.0,21.78,9.01,0.0,0.02286,0.02032,0.0,0.0,0.00254,0.00254,0.00254,0.0,0.0
638,2017-09-30,3.22,18.68,8.24,0.0,0.0076199999999999,0.0127,0.0,0.0,0.0,0.0,0.0,0.0,0.0
639,2017-10-01,0.0,15.21,4.98,0.0,0.0,0.0,0.0,0.0,0.0,0.0,0.0,0.0,0.0
640,2017-10-02,2.04,12.51,1.35,0.0,0.00508,0.00508,0.0,0.0,0.0,0.0,0.0,0.0,0.0
641,2017-10-03,0.0,17.06,0.64,0.0,0.0076199999999999,0.00254,0.00254,0.0,0.00254,0.0,0.0,0.0,0.0
642,2017-10-04,0.23,17.02,4.48,0.0,0.0076199999999999,0.00254,0.0,0.0,0.0,0.00254,0.00254,0.0,0.0
643,2017-10-05,0.0,16.75,3.57,0.0,0.00508,0.0,0.0,0.0,0.0,0.0,0.00254,0.0,0.0
644,2017-10-06,0.0,15.57,3.05,0.0,0.0,0.0,0.0,0.0,0.0,0.0,0.0,0.0,0.0
645,2017-10-07,0.0,22.27,4.06,0.0,0.0,0.0,0.0,0.0,0.0,0.0,0.0,0.0,0.0
646,2017-10-08,0.0,14.24,4.27,0.0,0.0,0.0,0.0,0.0,0.0,0.0,0.0,0.0,0.0
647,2017-10-09,0.0,14.06,0.5,0.0,0.0,0.0,0.0,0.0,0.0,0.0,0.0,0.0,0.0
648,2017-10-10,0.0,17.96,0.66,0.0,0.0,0.0,0.0,0.0,0.0,0.0,0.0,0.0,0.0
649,2017-10-11,0.0,21.88,3.26,0.0,0.0,0.0,0.0,0.0,0.0,0.0,0.0,0.0,0.0
650,2017-10-12,0.0,13.99,2.6,0.0,0.0,0.0,0.0,0.0,0.0,0.0,0.0,0.0,0.0
651,2017-10-13,0.0,16.47,-1.04,0.0,0.0,0.0,0.0,0.0,0.0,0.0,0.0,0.0,0.0
652,2017-10-14,0.0,11.03,-0.49,0.0,0.0,0.0,0.0,0.0,0.0,0.0,0.0,0.0,0.0
653,2017-10-15,0.0,13.46,-2.38,0.0,0.00508,0.00508,0.0,0.00254,0.0076199999999999,0.0,0.0,0.0,0.0
654,2017-10-16,0.0,17.95,0.96,0.0,0.00254,0.00254,0.0,0.0,0.00508,0.00508,0.0,0.0,0.0
655,2017-10-17,0.0,21.61,3.59,0.0,0.0,0.0,0.0,0.0,0.00254,0.00254,0.0,0.0,0.0
656,2017-10-18,0.0,22.0,4.29,0.0,0.0,0.0,0.0,0.0,0.0,0.0,0.0,0.0,0.0
657,2017-10-19,0.0,23.78,5.43,0.0,0.0,0.0,0.0,0.0,0.0,0.0,0.0,0.0,0.0
658,2017-10-20,0.55,19.93,1.44,0.0,0.0,0.0,0.0,0.0,0.0,0.0,0.0,0.0,0.0
659,2017-10-21,0.0,13.86,0.12,0.0,0.00508,0.00508,0.0,0.0,0.0,0.0,0.00254,0.0,0.0
660,2017-10-22,0.0,18.24,3.73,0.0,0.00254,0.00254,0.0,0.0,0.0,0.0,0.0,0.0,0.0
661,2017-10-23,0.0,17.61,6.17,0.0,0.0,0.0,0.0,0.0,0.0,0.0,0.0,0.0,0.0
662,2017-10-24,0.0,17.47,2.95,0.0,0.0,0.0,0.0,0.0,0.0,0.0,0.0,0.0,0.0
663,2017-10-25,0.0,19.07,3.45,0.0,0.0,0.0,0.0,0.0,0.0,0.0,0.0,0.0,0.0
664,2017-10-26,0.0,18.8,3.41,0.0,0.0,0.0,0.0,0.0,0.0,0.0,0.0,0.0,0.0
665,2017-10-27,0.0,17.1,1.88,0.0,0.0,0.0,0.0,0.0,0.0,0.0,0.0,0.0,0.0
666,2017-10-28,0.0,18.27,2.73,0.0,0.0,0.0,0.0,0.0,0.0,0.0,0.0,0.0,0.0
667,2017-10-29,0.0,20.29,3.82,0.0,0.0,0.0,0.0,0.0,0.0,0.0,0.0,0.0,0.0
668,2017-10-30,0.0,13.89,3.56,0.0,0.0,0.0,0.0,0.0,0.0,0.0,0.0,0.0,0.0
669,2017-10-31,0.0,11.77,-0.29,0.0,0.0,0.0,0.0,0.0,0.0,0.0,0.0,0.0,0.0
670,2017-11-01,0.0,17.9,2.66,0.0,0.0,0.0,0.0,0.0,0.0,0.0,0.0,0.0,0.0
671,2017-11-02,0.0,18.53,6.7,0.0,0.0,0.0,0.0,0.0,0.0,0.0,0.0,0.0,0.0
672,2017-11-03,1.18,15.3,8.3,0.0,0.0,0.0,0.0,0.0,0.0,0.0,0.0,0.0,0.0
673,2017-11-04,4.85,10.96,5.86,0.0,0.0,0.0,0.0,0.00254,0.0,0.0,0.0,0.0,0.0
674,2017-11-05,1.01,9.01,2.91,0.00508,0.00508,0.00508,0.0,0.0254,0.00254,0.0076199999999999,0.00508,0.0,0.00254
675,2017-11-06,0.0,9.46,1.04,0.0076199999999999,0.0127,0.01016,0.0,0.0355599999999999,0.00508,0.0127,0.00508,0.0,0.01016
676,2017-11-07,0.0,7.25,-0.86,0.0127,0.0177799999999999,0.0127,0.0076199999999999,0.0355599999999999,0.01016,0.0127,0.0127,0.0,0.01016
677,2017-11-08,0.0,7.96,-4.68,0.0127,0.0177799999999999,0.0127,0.0076199999999999,0.0355599999999999,0.01016,0.0127,0.0127,0.0,0.01016
678,2017-11-09,0.0,15.07,-0.27,0.0127,0.0177799999999999,0.0127,0.0076199999999999,0.0355599999999999,0.01016,0.0127,0.0127,0.0,0.01016
679,2017-11-10,0.0,12.03,1.78,0.0152399999999999,0.0177799999999999,0.0152399999999999,0.0076199999999999,0.03302,0.01016,0.0177799999999999,0.01016,0.0,0.01016
680,2017-11-11,0.0,12.15,0.12,0.0127,0.0177799999999999,0.0152399999999999,0.00508,0.03302,0.01016,0.0177799999999999,0.01016,0.0,0.01016
681,2017-11-12,0.0,13.43,-0.22,0.0127,0.0177799999999999,0.0152399999999999,0.00508,0.0304799999999999,0.01016,0.0177799999999999,0.0076199999999999,0.0,0.01016
682,2017-11-13,0.0,16.29,1.42,0.0127,0.0177799999999999,0.0152399999999999,0.00254,0.0304799999999999,0.00508,0.0177799999999999,0.00508,0.0,0.01016
683,2017-11-14,0.0,13.53,1.7,0.0127,0.0177799999999999,0.0152399999999999,0.0,0.0304799999999999,0.00254,0.0152399999999999,0.00254,0.0,0.01016
684,2017-11-15,0.0,15.03,1.45,0.0127,0.0177799999999999,0.0152399999999999,0.0,0.0254,0.0,0.0152399999999999,0.0,0.0,0.01016
685,2017-11-16,23.85,15.97,5.24,0.0127,0.0177799999999999,0.0152399999999999,0.0,0.0254,0.0,0.0152399999999999,0.0,0.0,0.01016
686,2017-11-17,12.42,8.06,-0.02,0.0177799999999999,0.04572,0.0380999999999999,0.0,0.04572,0.00254,0.02794,0.0076199999999999,0.0,0.0177799999999999
687,2017-11-18,0.0,4.77,-3.6,0.0355599999999999,0.09144,0.06858,0.0177799999999999,0.08128,0.03302,0.0711199999999999,0.02794,0.02286,0.04064
688,2017-11-19,0.0,6.1,-3.8,0.0355599999999999,0.09144,0.06858,0.0177799999999999,0.08128,0.03302,0.0711199999999999,0.02794,0.02286,0.04064
689,2017-11-20,0.0,9.07,-1.84,0.0355599999999999,0.09144,0.0635,0.0177799999999999,0.08128,0.03302,0.0711199999999999,0.02794,0.02286,0.04064
690,2017-11-21,0.0,15.87,3.33,0.0355599999999999,0.09144,0.0609599999999999,0.0177799999999999,0.08128,0.03302,0.0711199999999999,0.0304799999999999,0.02286,0.04064
691,2017-11-22,0.0,17.62,5.31,0.0355599999999999,0.09144,0.0609599999999999,0.0177799999999999,0.08128,0.0304799999999999,0.0711199999999999,0.0254,0.02032,0.04064
692,2017-11-23,0.0,17.04,6.26,0.03302,0.09144,0.05588,0.0177799999999999,0.0761999999999999,0.02794,0.0711199999999999,0.02032,0.0177799999999999,0.0355599999999999
693,2017-11-24,0.0,15.42,5.02,0.03302,0.09144,0.05334,0.0152399999999999,0.0711199999999999,0.02794,0.06858,0.0127,0.0152399999999999,0.0355599999999999
694,2017-11-25,0.0,13.96,2.19,0.02794,0.09144,0.0508,0.01016,0.0711199999999999,0.02032,0.06604,0.01016,0.0127,0.03302
695,2017-11-26,0.0,16.85,4.62,0.0254,0.09144,0.04826,0.01016,0.0711199999999999,0.0127,0.0635,0.0076199999999999,0.0076199999999999,0.03302
696,2017-11-27,1.43,15.01,1.71,0.0254,0.0888999999999999,0.0431799999999999,0.0076199999999999,0.06604,0.0076199999999999,0.0609599999999999,0.00254,0.00508,0.0304799999999999
697,2017-11-28,0.0,8.62,-2.65,0.0254,0.09398,0.04826,0.00508,0.0711199999999999,0.0127,0.06604,0.00508,0.01016,0.03302
698,2017-11-29,0.0,8.83,-2.53,0.0254,0.09398,0.04826,0.00508,0.0711199999999999,0.0127,0.06604,0.00508,0.01016,0.03302
699,2017-11-30,0.0,8.5,-3.24,0.0254,0.09398,0.04826,0.00508,0.0711199999999999,0.0127,0.06604,0.00508,0.01016,0.03302
700,2017-12-01,0.0,9.34,-1.04,0.0254,0.09398,0.04826,0.00508,0.0711199999999999,0.0127,0.06604,0.00508,0.01016,0.03302
701,2017-12-02,0.0,10.28,-1.45,0.0254,0.09398,0.04826,0.00508,0.0711199999999999,0.0127,0.06604,0.00254,0.01016,0.03302
702,2017-12-03,5.03,14.8,-1.37,0.0254,0.09398,0.04826,0.00254,0.0711199999999999,0.0127,0.06604,0.0,0.01016,0.03302
703,2017-12-04,0.0,2.38,-5.62,0.0355599999999999,0.10668,0.0635,0.0127,0.0838199999999999,0.04826,0.07874,0.04064,0.0152399999999999,0.04064
704,2017-12-05,0.0,1.54,-9.49,0.0355599999999999,0.10668,0.0635,0.0127,0.0838199999999999,0.04826,0.07874,0.04064,0.0152399999999999,0.04064
705,2017-12-06,0.0,0.82,-10.15,0.0355599999999999,0.10668,0.0635,0.0127,0.0838199999999999,0.04826,0.07874,0.04064,0.0152399999999999,0.04064
706,2017-12-07,0.0,1.14,-9.04,0.0355599999999999,0.10668,0.0635,0.0127,0.0838199999999999,0.04826,0.07874,0.04064,0.0152399999999999,0.04064
707,2017-12-08,0.0,2.84,-7.5,0.0355599999999999,0.10668,0.0635,0.0127,0.0838199999999999,0.04826,0.07874,0.04064,0.0152399999999999,0.04064
708,2017-12-09,0.0,3.93,-5.88,0.0355599999999999,0.10668,0.0635,0.0127,0.0838199999999999,0.04826,0.07874,0.04064,0.0152399999999999,0.04064
709,2017-12-10,0.0,4.07,-6.08,0.0355599999999999,0.10668,0.0635,0.0127,0.0838199999999999,0.04826,0.07874,0.04064,0.0152399999999999,0.04064
710,2017-12-11,0.0,1.4,-5.47,0.0355599999999999,0.10668,0.0635,0.0127,0.0838199999999999,0.04826,0.07874,0.04064,0.0152399999999999,0.04064
711,2017-12-12,0.0,-0.47,-5.26,0.0355599999999999,0.10668,0.0635,0.0127,0.0838199999999999,0.04826,0.07874,0.04064,0.0152399999999999,0.04064
712,2017-12-13,0.0,-0.07,-7.19,0.0355599999999999,0.10668,0.0635,0.0127,0.0838199999999999,0.04826,0.07874,0.04064,0.0152399999999999,0.04064
713,2017-12-14,0.0,3.48,-7.54,0.0431799999999999,0.1168399999999999,0.0736599999999999,0.0177799999999999,0.0888999999999999,0.05588,0.0838199999999999,0.04572,0.0177799999999999,0.04572
714,2017-12-15,0.0,4.68,-6.23,0.0431799999999999,0.1168399999999999,0.0736599999999999,0.0177799999999999,0.0888999999999999,0.05588,0.0838199999999999,0.04572,0.0177799999999999,0.04572
715,2017-12-16,1.48,1.66,-4.37,0.0431799999999999,0.1168399999999999,0.0736599999999999,0.0177799999999999,0.0888999999999999,0.05588,0.0838199999999999,0.04572,0.0177799999999999,0.04572
716,2017-12-17,0.0,2.09,-7.55,0.0431799999999999,0.11938,0.0761999999999999,0.0177799999999999,0.0888999999999999,0.05588,0.0838199999999999,0.04572,0.0177799999999999,0.04572
717,2017-12-18,0.0,3.72,-5.78,0.0431799999999999,0.11938,0.0761999999999999,0.0177799999999999,0.0888999999999999,0.05588,0.0838199999999999,0.04572,0.0177799999999999,0.04572
718,2017-12-19,0.0,7.88,-4.54,0.0431799999999999,0.11938,0.0761999999999999,0.0177799999999999,0.0888999999999999,0.05588,0.0838199999999999,0.04572,0.0177799999999999,0.04572
719,2017-12-20,0.86,8.89,-4.62,0.0431799999999999,0.11938,0.0761999999999999,0.0177799999999999,0.0888999999999999,0.05588,0.0838199999999999,0.04572,0.0177799999999999,0.04572
720,2017-12-21,0.0,2.32,-6.79,0.04572,0.12446,0.07874,0.02032,0.09144,0.0635,0.0863599999999999,0.0508,0.02032,0.04826
721,2017-12-22,6.52,1.85,-8.89,0.04572,0.12446,0.07874,0.02032,0.09144,0.0635,0.0863599999999999,0.0508,0.02032,0.04826
722,2017-12-23,5.15,2.96,-6.91,0.04572,0.127,0.07874,0.02032,0.09144,0.06604,0.09398,0.05588,0.02032,0.05334
723,2017-12-24,6.57,-1.49,-11.24,0.05588,0.1422399999999999,0.0888999999999999,0.0304799999999999,0.13208,0.0888999999999999,0.10668,0.0888999999999999,0.04064,0.0736599999999999
724,2017-12-25,0.0,3.1,-5.55,0.06858,0.1523999999999999,0.09398,0.0355599999999999,0.1422399999999999,0.1016,0.1168399999999999,0.0888999999999999,0.04572,0.08128
725,2017-12-26,0.0,3.84,-5.55,0.06858,0.16002,0.09906,0.04064,0.1473199999999999,0.10922,0.1219199999999999,0.10668,0.04826,0.0863599999999999
726,2017-12-27,0.0,5.82,-4.42,0.06858,0.16002,0.09906,0.04064,0.1473199999999999,0.10922,0.1219199999999999,0.10668,0.04826,0.0863599999999999
727,2017-12-28,0.0,7.18,-3.88,0.06858,0.16002,0.09906,0.04064,0.1473199999999999,0.10922,0.1219199999999999,0.10668,0.04826,0.0863599999999999
728,2017-12-29,0.0,10.56,-1.0,0.06858,0.16002,0.09906,0.04064,0.1473199999999999,0.10922,0.1219199999999999,0.1041399999999999,0.04826,0.0863599999999999
729,2017-12-30,0.0,10.06,-2.03,0.06858,0.16002,0.09906,0.04064,0.1473199999999999,0.10922,0.1219199999999999,0.1041399999999999,0.04826,0.0863599999999999
730,2017-12-31,0.0,4.37,-5.91,0.06858,0.16002,0.09906,0.04064,0.1473199999999999,0.10922,0.1219199999999999,0.1016,0.04826,0.0863599999999999
731,2018-01-01,0.0,5.37,-5.55,0.06858,0.16002,0.09906,0.04064,0.1473199999999999,0.10922,0.1219199999999999,0.1016,0.04826,0.0863599999999999
732,2018-01-02,0.0,3.85,-6.19,0.06858,0.16002,0.09906,0.04064,0.1473199999999999,0.10922,0.1219199999999999,0.1016,0.04826,0.0863599999999999
733,2018-01-03,0.0,3.92,-6.03,0.06858,0.16002,0.09906,0.04064,0.1473199999999999,0.10922,0.1219199999999999,0.1016,0.04826,0.0863599999999999
734,2018-01-04,0.0,5.73,-5.25,0.06858,0.16002,0.09906,0.04064,0.1473199999999999,0.10922,0.1219199999999999,0.1016,0.04826,0.0863599999999999
735,2018-01-05,0.0,6.47,-3.69,0.06858,0.16002,0.09906,0.04064,0.1473199999999999,0.10922,0.1219199999999999,0.1016,0.04826,0.0863599999999999
736,2018-01-06,7.89,3.56,-2.43,0.06858,0.16002,0.09906,0.04064,0.1473199999999999,0.10922,0.1219199999999999,0.1016,0.04826,0.0863599999999999
737,2018-01-07,0.0,5.09,-1.32,0.06858,0.1676399999999999,0.1016,0.04572,0.15748,0.1219199999999999,0.13208,0.11176,0.05588,0.09144
738,2018-01-08,4.82,5.32,-2.45,0.06858,0.1676399999999999,0.1016,0.04572,0.15748,0.1219199999999999,0.13208,0.11176,0.05588,0.09144
739,2018-01-09,7.77,8.11,0.71,0.06858,0.1676399999999999,0.1016,0.04572,0.16002,0.1219199999999999,0.13462,0.1143,0.05588,0.09144
740,2018-01-10,2.37,6.64,0.68,0.0761999999999999,0.17526,0.1016,0.05334,0.1676399999999999,0.127,0.15494,0.10668,0.0584199999999999,0.09652
741,2018-01-11,0.0,7.46,-1.37,0.07874,0.18288,0.10668,0.0584199999999999,0.17526,0.13462,0.1676399999999999,0.10922,0.0609599999999999,0.09906
742,2018-01-12,0.0,9.69,0.84,0.0838199999999999,0.18542,0.10922,0.0635,0.18542,0.13716,0.1727199999999999,0.10922,0.06858,0.10922
743,2018-01-13,0.0,9.16,-0.08,0.0838199999999999,0.18542,0.10922,0.0635,0.18542,0.13716,0.1727199999999999,0.10922,0.06858,0.10922
744,2018-01-14,0.0,7.58,-2.68,0.0838199999999999,0.18542,0.10922,0.0635,0.18542,0.13716,0.1727199999999999,0.10922,0.06858,0.10922
745,2018-01-15,0.0,7.34,-3.45,0.0838199999999999,0.18542,0.10922,0.0635,0.18542,0.13716,0.1727199999999999,0.10922,0.06858,0.10922
746,2018-01-16,0.0,8.32,-2.24,0.0838199999999999,0.18542,0.10922,0.0635,0.18542,0.13716,0.1727199999999999,0.10922,0.06858,0.10922
747,2018-01-17,0.0,9.77,-1.54,0.0838199999999999,0.18542,0.10922,0.0635,0.18542,0.13716,0.1727199999999999,0.10922,0.06858,0.10922
748,2018-01-18,0.0,11.13,0.07,0.0838199999999999,0.18542,0.10922,0.0635,0.18542,0.13716,0.1727199999999999,0.10922,0.06858,0.10922
749,2018-01-19,5.66,10.51,-1.66,0.0838199999999999,0.18542,0.10922,0.0635,0.18542,0.13716,0.1727199999999999,0.10922,0.06858,0.10922
750,2018-01-20,0.0,1.81,-2.73,0.0838199999999999,0.19558,0.1168399999999999,0.06858,0.19558,0.1473199999999999,0.18542,0.1168399999999999,0.0711199999999999,0.1143
751,2018-01-21,0.0,2.25,-5.58,0.0888999999999999,0.21336,0.127,0.07874,0.2057399999999999,0.1651,0.2032,0.12954,0.0761999999999999,0.1219199999999999
752,2018-01-22,0.0,0.6,-7.7,0.0888999999999999,0.21336,0.127,0.07874,0.2057399999999999,0.1651,0.2032,0.12954,0.07874,0.1219199999999999
753,2018-01-23,0.0,4.51,-6.54,0.0888999999999999,0.21844,0.127,0.07874,0.2082799999999999,0.1651,0.2032,0.13462,0.07874,0.1219199999999999
754,2018-01-24,0.0,6.96,-4.02,0.0888999999999999,0.21844,0.127,0.07874,0.2082799999999999,0.1651,0.2032,0.13462,0.07874,0.1219199999999999
755,2018-01-25,0.73,7.54,-3.24,0.0888999999999999,0.21844,0.127,0.07874,0.2082799999999999,0.1651,0.2032,0.13716,0.08128,0.1219199999999999
756,2018-01-26,0.0,4.46,-4.14,0.09398,0.22606,0.12954,0.0863599999999999,0.21336,0.17018,0.21336,0.13716,0.08128,0.127
757,2018-01-27,0.0,4.74,-3.64,0.09398,0.2286,0.12954,0.0863599999999999,0.2158999999999999,0.1727199999999999,0.2158999999999999,0.13716,0.08128,0.127
758,2018-01-28,0.0,9.45,-0.43,0.09398,0.2286,0.13208,0.0888999999999999,0.2158999999999999,0.1727199999999999,0.2158999999999999,0.13716,0.0838199999999999,0.12954
759,2018-01-29,0.0,11.12,-0.71,0.09398,0.2286,0.13208,0.0888999999999999,0.2158999999999999,0.1727199999999999,0.2158999999999999,0.13716,0.0838199999999999,0.12954
760,2018-01-30,0.0,12.22,1.62,0.09652,0.2286,0.13208,0.0888999999999999,0.2158999999999999,0.1727199999999999,0.2158999999999999,0.13716,0.0838199999999999,0.12954
761,2018-01-31,0.0,9.31,2.26,0.09652,0.2286,0.13208,0.09144,0.2158999999999999,0.1727199999999999,0.2158999999999999,0.13716,0.0838199999999999,0.12954
762,2018-02-01,0.0,10.41,1.19,0.09652,0.2286,0.13208,0.09144,0.2158999999999999,0.1727199999999999,0.2158999999999999,0.13716,0.08128,0.12954
763,2018-02-02,0.0,12.06,3.37,0.09652,0.2286,0.13208,0.09144,0.2158999999999999,0.1727199999999999,0.2158999999999999,0.13462,0.07874,0.12954
764,2018-02-03,0.0,13.07,4.16,0.09652,0.2286,0.13208,0.09144,0.2158999999999999,0.1727199999999999,0.2158999999999999,0.13462,0.07874,0.12954
765,2018-02-04,0.0,11.9,4.15,0.09652,0.2311399999999999,0.13208,0.09144,0.2158999999999999,0.1727199999999999,0.2158999999999999,0.13208,0.0711199999999999,0.12954
766,2018-02-05,0.0,11.38,4.77,0.09652,0.2311399999999999,0.13208,0.09144,0.2158999999999999,0.1727199999999999,0.21844,0.13208,0.06604,0.12954
767,2018-02-06,0.0,9.07,-0.49,0.09906,0.2413,0.13716,0.09144,0.2209799999999999,0.1727199999999999,0.22352,0.13462,0.0584199999999999,0.13462
768,2018-02-07,0.0,11.19,-1.28,0.09906,0.2413,0.13716,0.0888999999999999,0.2209799999999999,0.17526,0.22606,0.13462,0.05334,0.13462
769,2018-02-08,0.0,13.03,0.75,0.09906,0.2413,0.13716,0.0863599999999999,0.2209799999999999,0.17526,0.22606,0.13462,0.05334,0.13462
770,2018-02-09,0.0,14.39,3.21,0.09906,0.2413,0.13716,0.0888999999999999,0.2209799999999999,0.17526,0.22606,0.13462,0.0508,0.13462
771,2018-02-10,0.0,8.67,-1.42,0.1016,0.23876,0.13716,0.0888999999999999,0.2209799999999999,0.17526,0.22606,0.13462,0.0508,0.13462
772,2018-02-11,0.0,6.51,-5.89,0.1016,0.23876,0.13716,0.0863599999999999,0.2209799999999999,0.1777999999999999,0.22606,0.13462,0.04826,0.13462
773,2018-02-12,0.0,8.36,-2.63,0.1016,0.23876,0.13716,0.0838199999999999,0.2209799999999999,0.1777999999999999,0.22606,0.13462,0.04826,0.13462
774,2018-02-13,0.0,7.14,-4.6,0.1016,0.23876,0.13716,0.0838199999999999,0.2209799999999999,0.1803399999999999,0.2286,0.13462,0.04572,0.13462
775,2018-02-14,0.0,9.33,-2.49,0.1016,0.23876,0.13716,0.0838199999999999,0.2209799999999999,0.1803399999999999,0.2311399999999999,0.13462,0.0431799999999999,0.13462
776,2018-02-15,0.0,4.44,-2.3,0.10668,0.2438399999999999,0.1397,0.0888999999999999,0.22606,0.18288,0.23622,0.14478,0.04064,0.13462
777,2018-02-16,0.0,5.08,-6.16,0.10668,0.24892,0.1422399999999999,0.09144,0.23622,0.1905,0.2413,0.15748,0.04064,0.13716
778,2018-02-17,0.0,12.11,-2.15,0.10668,0.24892,0.1422399999999999,0.09144,0.23622,0.1905,0.2413,0.15748,0.0431799999999999,0.14478
779,2018-02-18,6.05,10.66,-0.75,0.10668,0.24892,0.1422399999999999,0.09144,0.23622,0.1905,0.2463799999999999,0.15748,0.0431799999999999,0.14478
780,2018-02-19,3.05,-1.07,-5.52,0.1143,0.26416,0.16002,0.10922,0.254,0.21082,0.2667,0.1777999999999999,0.04572,0.15494
781,2018-02-20,0.0,-2.06,-10.03,0.1168399999999999,0.27432,0.1676399999999999,0.1168399999999999,0.26416,0.2209799999999999,0.2717799999999999,0.19558,0.04826,0.15748
782,2018-02-21,0.0,0.03,-12.55,0.1168399999999999,0.27432,0.1676399999999999,0.1168399999999999,0.2667,0.22352,0.2717799999999999,0.19558,0.04826,0.15748
783,2018-02-22,3.29,-0.45,-10.24,0.1168399999999999,0.27432,0.1676399999999999,0.1168399999999999,0.2667,0.22606,0.2717799999999999,0.19558,0.04826,0.15748
784,2018-02-23,4.06,-2.42,-8.88,0.1168399999999999,0.27686,0.17018,0.1168399999999999,0.26924,0.22606,0.2819399999999999,0.20066,0.0508,0.15748
785,2018-02-24,1.16,-1.36,-10.62,0.1168399999999999,0.27686,0.17018,0.1219199999999999,0.27432,0.2286,0.2844799999999999,0.2057399999999999,0.0508,0.16256
786,2018-02-25,0.0,1.04,-7.55,0.11938,0.27686,0.1727199999999999,0.1219199999999999,0.27686,0.2286,0.28956,0.2082799999999999,0.05334,0.1651
787,2018-02-26,0.0,4.93,-4.31,0.11938,0.2794,0.1727199999999999,0.1219199999999999,0.2794,0.2336799999999999,0.2920999999999999,0.21336,0.05334,0.1676399999999999
788,2018-02-27,0.0,3.23,-3.14,0.11938,0.2819399999999999,0.1727199999999999,0.1219199999999999,0.2844799999999999,0.2336799999999999,0.2946399999999999,0.2158999999999999,0.05588,0.17018
789,2018-02-28,0.0,3.63,-5.34,0.11938,0.2819399999999999,0.1727199999999999,0.1219199999999999,0.2844799999999999,0.2336799999999999,0.2946399999999999,0.2158999999999999,0.05588,0.17018
790,2018-03-01,1.49,7.08,-3.12,0.11938,0.2819399999999999,0.1727199999999999,0.1219199999999999,0.2844799999999999,0.2336799999999999,0.2946399999999999,0.2158999999999999,0.05588,0.17018
791,2018-03-02,0.0,9.77,-0.93,0.11938,0.2819399999999999,0.1727199999999999,0.12446,0.28956,0.23622,0.29972,0.2209799999999999,0.0584199999999999,0.17526
792,2018-03-03,6.16,6.61,-1.86,0.11938,0.2819399999999999,0.1727199999999999,0.127,0.28956,0.23622,0.29972,0.2209799999999999,0.05588,0.17526
793,2018-03-04,3.67,2.42,-2.92,0.11938,0.2819399999999999,0.1727199999999999,0.127,0.28956,0.2413,0.3047999999999999,0.2209799999999999,0.05334,0.17526
794,2018-03-05,0.0,3.29,-5.05,0.13462,0.2946399999999999,0.18288,0.1397,0.30734,0.2667,0.3175,0.2336799999999999,0.0584199999999999,0.18288
795,2018-03-06,0.0,6.83,-5.92,0.13462,0.2946399999999999,0.18288,0.1397,0.30734,0.2667,0.3175,0.2336799999999999,0.0584199999999999,0.18288
796,2018-03-07,0.0,8.59,-5.66,0.13462,0.2946399999999999,0.18288,0.1397,0.30734,0.2667,0.3175,0.2336799999999999,0.0584199999999999,0.18288
797,2018-03-08,0.0,12.38,-2.73,0.13462,0.2946399999999999,0.18288,0.1397,0.30734,0.2667,0.3175,0.2336799999999999,0.05588,0.18288
798,2018-03-09,0.0,14.07,1.03,0.13462,0.2946399999999999,0.18288,0.1397,0.30734,0.2667,0.3175,0.2311399999999999,0.04826,0.18288
799,2018-03-10,0.0,13.6,2.72,0.13462,0.2946399999999999,0.18288,0.1397,0.30734,0.26416,0.3175,0.22606,0.04064,0.18288
800,2018-03-11,0.0,16.12,1.02,0.13462,0.2946399999999999,0.18288,0.1397,0.30734,0.26162,0.3175,0.22352,0.03302,0.18288
801,2018-03-12,0.0,17.12,1.59,0.13208,0.2946399999999999,0.18288,0.1397,0.30734,0.25908,0.3175,0.2209799999999999,0.0254,0.18288
802,2018-03-13,0.0,18.6,1.34,0.12954,0.2946399999999999,0.18288,0.1397,0.3047999999999999,0.25654,0.3175,0.21844,0.02032,0.18288
803,2018-03-14,15.0,16.73,1.83,0.12954,0.2971799999999999,0.18288,0.1397,0.29972,0.25654,0.3175,0.21082,0.01016,0.18288
804,2018-03-15,9.45,7.52,0.54,0.13462,0.30734,0.1905,0.1473199999999999,0.30988,0.2717799999999999,0.34036,0.2209799999999999,0.0127,0.18542
805,2018-03-16,0.0,11.6,-1.06,0.1397,0.31496,0.19558,0.15748,0.32004,0.2819399999999999,0.3454399999999999,0.2336799999999999,0.01016,0.19304
806,2018-03-17,3.38,7.73,-0.24,0.1397,0.3175,0.19558,0.15748,0.32512,0.2844799999999999,0.35052,0.23622,0.0076199999999999,0.19304
807,2018-03-18,1.04,6.7,-1.86,0.1523999999999999,0.33782,0.2158999999999999,0.1676399999999999,0.34036,0.29972,0.36576,0.2463799999999999,0.00254,0.20066
808,2018-03-19,0.0,8.25,-2.75,0.1523999999999999,0.3429,0.22606,0.17526,0.3479799999999999,0.30734,0.3682999999999999,0.25146,0.0,0.2032
809,2018-03-20,0.0,12.41,-1.02,0.15748,0.3429,0.2286,0.17526,0.3479799999999999,0.30734,0.3682999999999999,0.25146,0.0,0.2032
810,2018-03-21,0.0,15.21,1.65,0.15748,0.3429,0.2286,0.1777999999999999,0.3479799999999999,0.30734,0.3682999999999999,0.25146,0.0,0.2032
811,2018-03-22,18.11,15.87,6.02,0.1523999999999999,0.3454399999999999,0.2286,0.1777999999999999,0.3479799999999999,0.29972,0.3682999999999999,0.2463799999999999,0.0,0.20066
812,2018-03-23,8.12,13.03,3.01,0.15494,0.3555999999999999,0.23622,0.18542,0.3555999999999999,0.30226,0.4114799999999999,0.2158999999999999,0.0,0.19558
813,2018-03-24,0.0,11.94,2.26,0.1651,0.3606799999999999,0.2413,0.18542,0.3682999999999999,0.3175,0.4191,0.21844,0.0,0.20066
814,2018-03-25,11.02,4.65,-0.26,0.1651,0.3606799999999999,0.2413,0.18542,0.3682999999999999,0.32512,0.4191,0.2158999999999999,0.0,0.19812
815,2018-03-26,2.58,7.4,-3.54,0.17018,0.3682999999999999,0.25146,0.18542,0.3682999999999999,0.3302,0.4191,0.2158999999999999,0.0,0.20066
816,2018-03-27,0.0,10.15,-3.24,0.17018,0.37592,0.25908,0.19304,0.3682999999999999,0.3302,0.4191,0.21844,0.0,0.20066
817,2018-03-28,0.0,13.03,1.75,0.1777999999999999,0.37592,0.25908,0.19304,0.37084,0.3302,0.42164,0.2209799999999999,0.0,0.20066
818,2018-03-29,0.0,12.82,1.28,0.1777999999999999,0.37592,0.25908,0.19812,0.37338,0.3302,0.4241799999999999,0.22352,0.0,0.20066
819,2018-03-30,0.0,17.57,2.47,0.1727199999999999,0.37592,0.25908,0.19812,0.37084,0.32512,0.4241799999999999,0.21844,0.0,0.19558
820,2018-03-31,0.0,18.76,5.64,0.1676399999999999,0.37592,0.25908,0.19812,0.36322,0.31242,0.4191,0.2082799999999999,0.0,0.19304
821,2018-04-01,0.0,17.51,3.62,0.16002,0.37592,0.254,0.18542,0.3429,0.2946399999999999,0.41402,0.18796,0.0,0.1803399999999999
822,2018-04-02,0.0,13.92,0.89,0.15494,0.37592,0.2463799999999999,0.17526,0.32766,0.28702,0.4114799999999999,0.1727199999999999,0.0,0.17018
823,2018-04-03,0.0,10.02,-4.35,0.15494,0.381,0.2438399999999999,0.17018,0.34036,0.2920999999999999,0.4165599999999999,0.1777999999999999,0.0,0.17018
824,2018-04-04,0.0,14.67,1.51,0.15494,0.381,0.2438399999999999,0.1651,0.34036,0.2920999999999999,0.4165599999999999,0.1777999999999999,0.0,0.17018
825,2018-04-05,2.49,16.95,4.53,0.1523999999999999,0.381,0.2438399999999999,0.16256,0.3352799999999999,0.28702,0.4241799999999999,0.1676399999999999,0.0,0.1651
826,2018-04-06,7.33,13.43,6.43,0.14478,0.381,0.2438399999999999,0.15748,0.3302,0.26924,0.4165599999999999,0.1523999999999999,0.0,0.1523999999999999
827,2018-04-07,6.57,13.33,7.87,0.14478,0.381,0.2438399999999999,0.15494,0.33782,0.25908,0.42164,0.1422399999999999,0.0,0.1422399999999999
828,2018-04-08,0.0,13.01,5.24,0.1397,0.38354,0.25146,0.14478,0.3429,0.24892,0.41402,0.11938,0.0,0.13208
829,2018-04-09,0.0,13.94,2.88,0.1397,0.38608,0.25908,0.1422399999999999,0.3479799999999999,0.2438399999999999,0.4191,0.1219199999999999,0.0,0.12446
830,2018-04-10,0.0,19.86,3.35,0.13716,0.38354,0.26162,0.13462,0.3454399999999999,0.2413,0.4191,0.11176,0.0,0.1219199999999999
831,2018-04-11,0.0,19.37,7.46,0.1219199999999999,0.381,0.25908,0.12446,0.3302,0.22352,0.4191,0.09144,0.0,0.10668
832,2018-04-12,11.36,12.84,1.96,0.09906,0.37338,0.24892,0.1016,0.30734,0.19558,0.4064,0.06604,0.0,0.0863599999999999
833,2018-04-13,0.0,9.35,0.21,0.10668,0.38862,0.26416,0.1041399999999999,0.32258,0.21844,0.41402,0.07874,0.0,0.09652
834,2018-04-14,0.0,13.66,1.03,0.11176,0.38862,0.26416,0.10668,0.32766,0.21844,0.42164,0.07874,0.0,0.09652
835,2018-04-15,0.0,19.98,4.33,0.11176,0.38862,0.2667,0.1041399999999999,0.32512,0.21336,0.42164,0.0736599999999999,0.0,0.09144
836,2018-04-16,0.71,22.95,4.0,0.1041399999999999,0.38862,0.2667,0.09652,0.32512,0.21336,0.42164,0.0635,0.0,0.0838199999999999
837,2018-04-17,0.0,9.05,0.88,0.0863599999999999,0.38354,0.25654,0.08128,0.3047999999999999,0.1905,0.4191,0.0380999999999999,0.0,0.0635
838,2018-04-18,0.0,13.95,-0.73,0.0888999999999999,0.39116,0.26416,0.08128,0.31242,0.20066,0.4241799999999999,0.0431799999999999,0.0,0.0609599999999999
839,2018-04-19,0.0,20.08,5.0,0.0863599999999999,0.39116,0.26924,0.0736599999999999,0.29972,0.20066,0.4241799999999999,0.0380999999999999,0.0,0.0609599999999999
840,2018-04-20,0.0,18.35,6.99,0.0736599999999999,0.39116,0.2667,0.0635,0.2794,0.1803399999999999,0.4241799999999999,0.02794,0.0,0.04572
841,2018-04-21,0.0,19.69,3.69,0.0711199999999999,0.39116,0.25908,0.0508,0.2794,0.17018,0.42164,0.02032,0.0,0.0304799999999999
842,2018-04-22,1.93,23.15,5.87,0.04572,0.37846,0.2438399999999999,0.0177799999999999,0.23876,0.13716,0.40894,0.0076199999999999,0.0,0.01016
843,2018-04-23,0.0,19.86,7.03,0.02286,0.3555999999999999,0.22606,0.0,0.19558,0.09906,0.381,0.0,0.0,0.0
844,2018-04-24,0.0,19.44,4.54,0.01016,0.3429,0.21336,0.0,0.1905,0.0635,0.37338,0.0,0.0,0.0
845,2018-04-25,0.0,21.85,5.4,0.0,0.32766,0.2032,0.0,0.17526,0.0304799999999999,0.3606799999999999,0.0,0.0,0.0
846,2018-04-26,0.0,24.25,7.3,0.0,0.31242,0.18542,0.0,0.1422399999999999,0.0177799999999999,0.3429,0.0,0.0,0.0
847,2018-04-27,0.0,28.22,8.24,0.0,0.2794,0.16002,0.0,0.10668,0.0076199999999999,0.32004,0.0,0.0,0.0
848,2018-04-28,0.0,28.36,11.29,0.0,0.254,0.13716,0.0,0.0635,0.0,0.2946399999999999,0.0,0.0,0.0
849,2018-04-29,4.57,19.26,6.94,0.0,0.2311399999999999,0.10668,0.0,0.02032,0.0,0.26924,0.0,0.0,0.0
850,2018-04-30,7.0,15.05,3.44,0.0,0.2158999999999999,0.0863599999999999,0.0,0.00254,0.0,0.25654,0.0,0.0,0.0
851,2018-05-01,0.0,15.98,2.45,0.0,0.22606,0.09652,0.0,0.0127,0.0152399999999999,0.26162,0.0,0.0,0.0
852,2018-05-02,0.67,14.95,3.39,0.0,0.22606,0.09144,0.0,0.00508,0.00254,0.26162,0.0,0.0,0.0
853,2018-05-03,0.0,18.98,3.76,0.0,0.22352,0.0838199999999999,0.0,0.0,0.00508,0.2819399999999999,0.0,0.0,0.0
854,2018-05-04,0.0,23.46,5.79,0.0,0.21844,0.06604,0.0,0.0,0.00254,0.2794,0.0,0.0,0.0
855,2018-05-05,0.0,25.28,9.19,0.0,0.19304,0.0380999999999999,0.0,0.0,0.0,0.2667,0.0,0.0,0.0
856,2018-05-06,0.0,27.91,11.87,0.0,0.1676399999999999,0.0254,0.0,0.0,0.0,0.25146,0.0,0.0,0.0
857,2018-05-07,0.0,26.88,11.81,0.0,0.13716,0.0127,0.0,0.0,0.0,0.21844,0.0,0.0,0.0
858,2018-05-08,0.0,26.57,9.7,0.0,0.10668,0.01016,0.0,0.0,0.0,0.1803399999999999,0.0,0.0,0.0
859,2018-05-09,0.0,28.52,12.39,0.0,0.0711199999999999,0.00508,0.0,0.0,0.0,0.14986,0.0,0.0,0.0
860,2018-05-10,1.65,23.98,13.64,0.0,0.03302,0.0,0.0,0.0,0.0,0.1168399999999999,0.0,0.0,0.0
861,2018-05-11,10.99,15.51,8.87,0.0,0.01016,0.0,0.0,0.0,0.0,0.1041399999999999,0.0,0.0,0.0
862,2018-05-12,5.93,10.89,5.8,0.0,0.0127,0.0,0.0,0.0,0.0,0.09906,0.0,0.0,0.0
863,2018-05-13,0.32,19.61,4.38,0.0,0.0127,0.0,0.0,0.0,0.0,0.09652,0.0,0.0,0.0
864,2018-05-14,1.8,21.3,6.44,0.0,0.0,0.0,0.0,0.0,0.0,0.07874,0.0,0.0,0.0
865,2018-05-15,0.0,22.94,6.94,0.0,0.0,0.0,0.0,0.0,0.0,0.0711199999999999,0.0,0.0,0.0
866,2018-05-16,0.0,25.9,9.54,0.0,0.0,0.0,0.0,0.0,0.0,0.0431799999999999,0.0,0.0,0.0
867,2018-05-17,0.0,25.51,10.29,0.0,0.0,0.0,0.0,0.0,0.0,0.00508,0.0,0.0,0.0
868,2018-05-18,0.0,22.0,10.33,0.0,0.0,0.0,0.0,0.0,0.0,0.0,0.0,0.0,0.0
869,2018-05-19,0.0,24.0,10.29,0.0,0.0,0.0,0.0,0.0,0.0,0.0,0.0,0.0,0.0
870,2018-05-20,0.0,26.79,12.47,0.0,0.0,0.0,0.0,0.0,0.0,0.0,0.0,0.0,0.0
871,2018-05-21,0.0,25.72,10.23,0.0,0.0,0.0,0.0,0.0,0.0,0.0,0.0,0.0,0.0
872,2018-05-22,0.94,21.23,11.26,0.0,0.0,0.0,0.0,0.0,0.0,0.0,0.0,0.0,0.0
873,2018-05-23,0.0,24.1,9.76,0.0,0.0,0.0,0.0,0.0,0.0,0.0,0.0,0.0,0.0
874,2018-05-24,0.0,28.15,11.19,0.0,0.0,0.0,0.0,0.0,0.0,0.0,0.0,0.0,0.0
875,2018-05-25,0.0,30.3,12.05,0.0,0.0,0.0,0.0,0.0,0.0,0.0,0.0,0.0,0.0
876,2018-05-26,0.0,27.84,12.93,0.0,0.0,0.0,0.0,0.0,0.0,0.0,0.0,0.0,0.0
877,2018-05-27,1.36,19.49,10.89,0.0,0.0,0.0,0.0,0.0,0.0,0.0,0.0,0.0,0.0
878,2018-05-28,0.0,20.5,9.36,0.0,0.0,0.0,0.0,0.0,0.0,0.0,0.0,0.0,0.0
879,2018-05-29,0.0,24.95,11.59,0.0,0.0,0.0,0.0,0.0,0.0,0.0,0.0,0.0,0.0
880,2018-05-30,1.74,29.15,11.73,0.0,0.0,0.0,0.0,0.0,0.0,0.0,0.0,0.0,0.0
881,2018-05-31,0.92,28.69,12.43,0.0,0.0,0.0,0.0,0.0,0.0,0.0,0.0,0.0,0.0
882,2018-06-01,0.0,22.08,9.86,0.0,0.0,0.0,0.0,0.0,0.0,0.0,0.0,0.0,0.0
883,2018-06-02,0.0,25.61,8.62,0.0,0.0,0.0,0.0,0.0,0.0,0.0,0.0,0.0,0.0
884,2018-06-03,0.0,28.87,11.04,0.0,0.0,0.0,0.0,0.0,0.0,0.0,0.0,0.0,0.0
885,2018-06-04,0.0,33.64,13.65,0.0,0.0,0.0,0.0,0.0,0.0,0.0,0.0,0.0,0.0
886,2018-06-05,0.0,32.48,14.94,0.0,0.0,0.0,0.0,0.0,0.0,0.0,0.0,0.0,0.0
887,2018-06-06,0.0,32.07,14.04,0.0,0.0,0.0,0.0,0.0,0.0,0.0,0.0,0.0,0.0
888,2018-06-07,0.0,32.27,15.41,0.0,0.0,0.0,0.0,0.0,0.0,0.0,0.0,0.0,0.0
889,2018-06-08,0.0,31.29,13.66,0.0,0.0,0.0,0.0,0.0,0.0,0.0,0.0,0.0,0.0
890,2018-06-09,0.0,32.63,14.42,0.0,0.0,0.0,0.0,0.0,0.0,0.0,0.0,0.0,0.0
891,2018-06-10,0.0,21.82,10.32,0.0,0.0,0.0,0.0,0.0,0.0,0.0,0.0,0.0,0.0
892,2018-06-11,0.0,26.16,7.75,0.0,0.0,0.0,0.0,0.0,0.0,0.0,0.0,0.0,0.0
893,2018-06-12,0.0,27.62,7.93,0.0,0.0,0.0,0.0,0.0,0.0,0.0,0.0,0.0,0.0
894,2018-06-13,0.0,33.56,11.84,0.0,0.0,0.0,0.0,0.0,0.0,0.0,0.0,0.0,0.0
895,2018-06-14,0.0,32.67,14.0,0.0,0.0,0.0,0.0,0.0,0.0,0.0,0.0,0.0,0.0
896,2018-06-15,0.0,29.22,14.1,0.0,0.0,0.0,0.0,0.0,0.0,0.0,0.0,0.0,0.0
897,2018-06-16,0.0,27.64,14.17,0.0,0.0,0.0,0.0,0.0,0.0,0.0,0.0,0.0,0.0
898,2018-06-17,1.54,31.07,15.87,0.0,0.0,0.0,0.0,0.0,0.0,0.0,0.0,0.0,0.0
899,2018-06-18,0.0,25.91,13.2,0.0,0.0,0.0,0.0,0.0,0.0,0.0,0.0,0.0,0.0
900,2018-06-19,0.0,25.04,12.74,0.0,0.0,0.0,0.0,0.0,0.0,0.0,0.0,0.0,0.0
901,2018-06-20,0.0,28.11,11.85,0.0,0.0,0.0,0.0,0.0,0.0,0.0,0.0,0.0,0.0
902,2018-06-21,0.0,32.51,13.12,0.0,0.0,0.0,0.0,0.0,0.0,0.0,0.0,0.0,0.0
903,2018-06-22,0.0,28.9,14.04,0.0,0.0,0.0,0.0,0.0,0.0,0.0,0.0,0.0,0.0
904,2018-06-23,0.0,29.49,14.09,0.0,0.0,0.0,0.0,0.0,0.0,0.0,0.0,0.0,0.0
905,2018-06-24,0.0,27.23,12.99,0.0,0.0,0.0,0.0,0.0,0.0,0.0,0.0,0.0,0.0
906,2018-06-25,0.0,32.6,13.22,0.0,0.0,0.0,0.0,0.0,0.0,0.0,0.0,0.0,0.0
907,2018-06-26,0.0,34.3,16.05,0.0,0.0,0.0,0.0,0.0,0.0,0.0,0.0,0.0,0.0
908,2018-06-27,0.0,35.5,15.03,0.0,0.0,0.0,0.0,0.0,0.0,0.0,0.0,0.0,0.0
909,2018-06-28,0.0,35.19,17.88,0.0,0.0,0.0,0.0,0.0,0.0,0.0,0.0,0.0,0.0
910,2018-06-29,0.0,26.95,14.64,0.0,0.0,0.0,0.0,0.0,0.0,0.0,0.0,0.0,0.0
911,2018-06-30,0.0,26.5,13.12,0.0,0.0,0.0,0.0,0.0,0.0,0.0,0.0,0.0,0.0
912,2018-07-01,0.0,29.35,12.95,0.0,0.0,0.0,0.0,0.0,0.0,0.0,0.0,0.0,0.0
913,2018-07-02,0.0,32.8,14.11,0.0,0.0,0.0,0.0,0.0,0.0,0.0,0.0,0.0,0.0
914,2018-07-03,0.0,29.58,14.92,0.0,0.0,0.0,0.0,0.0,0.0,0.0,0.0,0.0,0.0
915,2018-07-04,0.0,34.68,12.62,0.0,0.0,0.0,0.0,0.0,0.0,0.0,0.0,0.0,0.0
916,2018-07-05,0.0,36.61,17.49,0.0,0.0,0.0,0.0,0.0,0.0,0.0,0.0,0.0,0.0
917,2018-07-06,0.0,37.97,19.88,0.0,0.0,0.0,0.0,0.0,0.0,0.0,0.0,0.0,0.0
918,2018-07-07,0.0,36.86,20.85,0.0,0.0,0.0,0.0,0.0,0.0,0.0,0.0,0.0,0.0
919,2018-07-08,0.0,37.01,19.56,0.0,0.0,0.0,0.0,0.0,0.0,0.0,0.0,0.0,0.0
920,2018-07-09,0.0,37.29,20.11,0.0,0.0,0.0,0.0,0.0,0.0,0.0,0.0,0.0,0.0
921,2018-07-10,0.0,36.5,22.16,0.0,0.0,0.0,0.0,0.0,0.0,0.0,0.0,0.0,0.0
922,2018-07-11,0.0,34.41,21.13,0.0,0.0,0.0,0.0,0.0,0.0,0.0,0.0,0.0,0.0
923,2018-07-12,0.0,35.0,19.97,0.0,0.0,0.0,0.0,0.0,0.0,0.0,0.0,0.0,0.0
924,2018-07-13,0.0,35.69,19.66,0.0,0.0,0.0,0.0,0.0,0.0,0.0,0.0,0.0,0.0
925,2018-07-14,0.0,33.3,19.49,0.0,0.0,0.0,0.0,0.0,0.0,0.0,0.0,0.0,0.0
926,2018-07-15,0.0,35.81,18.65,0.0,0.0,0.0,0.0,0.0,0.0,0.0,0.0,0.0,0.0
927,2018-07-16,0.0,35.8,20.52,0.0,0.0,0.0,0.0,0.0,0.0,0.0,0.0,0.0,0.0
928,2018-07-17,0.0,34.71,19.36,0.0,0.0,0.0,0.0,0.0,0.0,0.0,0.0,0.0,0.0
929,2018-07-18,0.0,35.81,18.32,0.0,0.0,0.0,0.0,0.0,0.0,0.0,0.0,0.0,0.0
930,2018-07-19,0.0,36.15,18.6,0.0,0.0,0.0,0.0,0.0,0.0,0.0,0.0,0.0,0.0
931,2018-07-20,0.0,34.38,19.83,0.0,0.0,0.0,0.0,0.0,0.0,0.0,0.0,0.0,0.0
932,2018-07-21,0.0,34.42,20.89,0.0,0.0,0.0,0.0,0.0,0.0,0.0,0.0,0.0,0.0
933,2018-07-22,0.84,29.62,21.48,0.0,0.0,0.0,0.0,0.0,0.0,0.0,0.0,0.0,0.0
934,2018-07-23,0.0,35.05,17.87,0.0,0.0,0.0,0.0,0.0,0.0,0.0,0.0,0.0,0.0
935,2018-07-24,0.0,36.73,18.6,0.0,0.0,0.0,0.0,0.0,0.0,0.0,0.0,0.0,0.0
936,2018-07-25,0.0,35.74,21.02,0.0,0.0,0.0,0.0,0.0,0.0,0.0,0.0,0.0,0.0
937,2018-07-26,0.0,35.95,19.17,0.0,0.0,0.0,0.0,0.0,0.0,0.0,0.0,0.0,0.0
938,2018-07-27,0.0,36.29,19.98,0.0,0.0,0.0,0.0,0.0,0.0,0.0,0.0,0.0,0.0
939,2018-07-28,0.0,36.1,18.93,0.0,0.0,0.0,0.0,0.0,0.0,0.0,0.0,0.0,0.0
940,2018-07-29,0.0,33.94,17.69,0.0,0.0,0.0,0.0,0.0,0.0,0.0,0.0,0.0,0.0
941,2018-07-30,0.0,35.27,17.26,0.0,0.0,0.0,0.0,0.0,0.0,0.0,0.0,0.0,0.0
942,2018-07-31,0.0,36.07,18.09,0.0,0.0,0.0,0.0,0.0,0.0,0.0,0.0,0.0,0.0
943,2018-08-01,0.0,35.4,20.02,0.0,0.0,0.0,0.0,0.0,0.0,0.0,0.0,0.0,0.0
944,2018-08-02,0.0,32.46,21.72,0.0,0.0,0.0,0.0,0.0,0.0,0.0,0.0,0.0,0.0
945,2018-08-03,0.0,33.13,18.92,0.0,0.0,0.0,0.0,0.0,0.0,0.0,0.0,0.0,0.0
946,2018-08-04,0.0,32.0,15.51,0.0,0.0,0.0,0.0,0.0,0.0,0.0,0.0,0.0,0.0
947,2018-08-05,0.0,31.43,16.62,0.0,0.0,0.0,0.0,0.0,0.0,0.0,0.0,0.0,0.0
948,2018-08-06,0.0,32.41,14.54,0.0,0.0,0.0,0.0,0.0,0.0,0.0,0.0,0.0,0.0
949,2018-08-07,0.0,33.2,15.47,0.0,0.0,0.0,0.0,0.0,0.0,0.0,0.0,0.0,0.0
950,2018-08-08,0.0,34.78,15.95,0.0,0.0,0.0,0.0,0.0,0.0,0.0,0.0,0.0,0.0
951,2018-08-09,0.0,36.27,17.12,0.0,0.0,0.0,0.0,0.0,0.0,0.0,0.0,0.0,0.0
952,2018-08-10,0.0,36.63,19.43,0.0,0.0,0.0,0.0,0.0,0.0,0.0,0.0,0.0,0.0
953,2018-08-11,0.0,36.07,19.1,0.0,0.0,0.0,0.0,0.0,0.0,0.0,0.0,0.0,0.0
954,2018-08-12,0.0,34.97,19.99,0.0,0.0,0.0,0.0,0.0,0.0,0.0,0.0,0.0,0.0
955,2018-08-13,0.0,34.66,20.86,0.0,0.0,0.0,0.0,0.0,0.0,0.0,0.0,0.0,0.0
956,2018-08-14,0.0,34.65,18.8,0.0,0.0,0.0,0.0,0.0,0.0,0.0,0.0,0.0,0.0
957,2018-08-15,0.0,33.71,17.63,0.0,0.0,0.0,0.0,0.0,0.0,0.0,0.0,0.0,0.0
958,2018-08-16,0.0,32.98,19.51,0.0,0.0,0.0,0.0,0.0,0.0,0.0,0.0,0.0,0.0
959,2018-08-17,0.0,34.0,18.22,0.0,0.0,0.0,0.0,0.0,0.0,0.0,0.0,0.0,0.0
960,2018-08-18,0.0,29.55,16.06,0.0,0.0,0.0,0.0,0.0,0.0,0.0,0.0,0.0,0.0
961,2018-08-19,0.0,30.84,14.09,0.0,0.0,0.0,0.0,0.0,0.0,0.0,0.0,0.0,0.0
962,2018-08-20,0.0,33.04,15.81,0.0,0.0,0.0,0.0,0.0,0.0,0.0,0.0,0.0,0.0
963,2018-08-21,0.0,30.53,17.7,0.0,0.0,0.0,0.0,0.0,0.0,0.0,0.0,0.0,0.0
964,2018-08-22,2.41,28.87,17.03,0.0,0.0,0.0,0.0,0.0,0.0,0.0,0.0,0.0,0.0
965,2018-08-23,0.0,29.49,13.67,0.0,0.0,0.0,0.0,0.0,0.0,0.0,0.0,0.0,0.0
966,2018-08-24,0.0,32.11,14.28,0.0,0.0,0.0,0.0,0.0,0.0,0.0,0.0,0.0,0.0
967,2018-08-25,0.0,30.7,13.79,0.0,0.0,0.0,0.0,0.0,0.0,0.0,0.0,0.0,0.0
968,2018-08-26,0.0,28.4,14.2,0.0,0.0,0.0,0.0,0.0,0.0,0.0,0.0,0.0,0.0
969,2018-08-27,0.0,24.72,13.6,0.0,0.0,0.0,0.0,0.0,0.0,0.0,0.0,0.0,0.0
970,2018-08-28,0.0,24.94,9.14,0.0,0.0,0.0,0.0,0.0,0.0,0.0,0.0,0.0,0.0
971,2018-08-29,0.0,29.84,9.87,0.0,0.0,0.0,0.0,0.0,0.0,0.0,0.0,0.0,0.0
972,2018-08-30,0.0,32.71,15.11,0.0,0.0,0.0,0.0,0.0,0.0,0.0,0.0,0.0,0.0
973,2018-08-31,0.0,30.04,15.42,0.0,0.0,0.0,0.0,0.0,0.0,0.0,0.0,0.0,0.0
974,2018-09-01,0.0,29.21,11.99,0.0,0.0,0.0,0.0,0.0,0.0,0.0,0.0,0.0,0.0
975,2018-09-02,0.0,30.14,12.3,0.0,0.0,0.0,0.0,0.0,0.0,0.0,0.0,0.0,0.0
976,2018-09-03,0.0,31.05,13.27,0.0,0.0,0.0,0.0,0.0,0.0,0.0,0.0,0.0,0.0
977,2018-09-04,0.0,31.42,13.61,0.0,0.0,0.0,0.0,0.0,0.0,0.0,0.0,0.0,0.0
978,2018-09-05,0.0,31.76,13.97,0.0,0.0,0.0,0.0,0.0,0.0,0.0,0.0,0.0,0.0
979,2018-09-06,0.0,31.75,15.18,0.0,0.0,0.0,0.0,0.0,0.0,0.0,0.0,0.0,0.0
980,2018-09-07,0.0,31.93,15.34,0.0,0.0,0.0,0.0,0.0,0.0,0.0,0.0,0.0,0.0
981,2018-09-08,0.0,32.08,15.6,0.0,0.0,0.0,0.0,0.0,0.0,0.0,0.0,0.0,0.0
982,2018-09-09,0.0,30.6,13.6,0.0,0.0,0.0,0.0,0.0,0.0,0.0,0.0,0.0,0.0
983,2018-09-10,0.0,31.34,14.21,0.0,0.0,0.0,0.0,0.0,0.0,0.0,0.0,0.0,0.0
984,2018-09-11,0.0,31.02,13.48,0.0,0.0,0.0,0.0,0.0,0.0,0.0,0.0,0.0,0.0
985,2018-09-12,0.0,28.51,12.78,0.0,0.0,0.0,0.0,0.0,0.0,0.0,0.0,0.0,0.0
986,2018-09-13,0.0,26.43,11.33,0.0,0.0,0.0,0.0,0.0,0.0,0.0,0.0,0.0,0.0
987,2018-09-14,0.0,29.86,10.96,0.0,0.0,0.0,0.0,0.0,0.0,0.0,0.0,0.0,0.0
988,2018-09-15,0.0,33.08,13.81,0.0,0.0,0.0,0.0,0.0,0.0,0.0,0.0,0.0,0.0
989,2018-09-16,0.0,30.18,12.42,0.0,0.0,0.0,0.0,0.0,0.0,0.0,0.0,0.0,0.0
990,2018-09-17,0.0,29.58,11.6,0.0,0.0,0.0,0.0,0.0,0.0,0.0,0.0,0.0,0.0
991,2018-09-18,0.0,29.18,13.19,0.0,0.0,0.0,0.0,0.0,0.0,0.0,0.0,0.0,0.0
992,2018-09-19,0.0,27.69,9.87,0.0,0.0,0.0,0.0,0.0,0.0,0.0,0.0,0.0,0.0
993,2018-09-20,0.0,22.37,8.08,0.0,0.0,0.0,0.0,0.0,0.0,0.0,0.0,0.0,0.0
994,2018-09-21,0.0,27.51,8.01,0.0,0.0,0.0,0.0,0.0,0.0,0.0,0.0,0.0,0.0
995,2018-09-22,0.0,30.14,11.74,0.0,0.0,0.0,0.0,0.0,0.0,0.0,0.0,0.0,0.0
996,2018-09-23,0.0,26.68,11.56,0.0,0.0,0.0,0.0,0.0,0.0,0.0,0.0,0.0,0.0
997,2018-09-24,0.0,21.8,7.97,0.0,0.0,0.0,0.0,0.0,0.0,0.0,0.0,0.0,0.0
998,2018-09-25,0.0,21.22,4.96,0.0,0.0,0.0,0.0,0.0,0.0,0.0,0.0,0.0,0.0
999,2018-09-26,0.0,21.62,6.15,0.0,0.0,0.0,0.0,0.0,0.0,0.0,0.0,0.0,0.0
1000,2018-09-27,0.0,25.0,7.67,0.0,0.0,0.0,0.0,0.0,0.0,0.0,0.0,0.0,0.0
1001,2018-09-28,0.0,29.64,10.25,0.0,0.0,0.0,0.0,0.0,0.0,0.0,0.0,0.0,0.0
1002,2018-09-29,0.0,29.93,13.13,0.0,0.0,0.0,0.0,0.0,0.0,0.0,0.0,0.0,0.0
1003,2018-09-30,0.0,26.1,14.37,0.0,0.0,0.0,0.0,0.0,0.0,0.0,0.0,0.0,0.0
1004,2018-10-01,0.0,26.56,8.51,0.0,0.0,0.0,0.0,0.0,0.0,0.0,0.0,0.0,0.0
1005,2018-10-02,10.78,25.23,9.93,0.0,0.0,0.0,0.0,0.0,0.0,0.0,0.0,0.0,0.0
1006,2018-10-03,5.6,25.01,12.84,0.0,0.0,0.0,0.0,0.0,0.0,0.0,0.0,0.0,0.0
1007,2018-10-04,23.91,17.43,10.35,0.0,0.0,0.0,0.0,0.0,0.0,0.0,0.0,0.0,0.0
1008,2018-10-05,0.0,14.27,6.16,0.0,0.0,0.0,0.0,0.0,0.0,0.0,0.0,0.0,0.0
1009,2018-10-06,0.0,15.21,5.59,0.0,0.0,0.0,0.0,0.0,0.0,0.0,0.0,0.0,0.0
1010,2018-10-07,0.0,15.03,7.55,0.0,0.0,0.0,0.0,0.0,0.0,0.0,0.0,0.0,0.0
1011,2018-10-08,0.0,15.59,6.69,0.0,0.0,0.0,0.0,0.0,0.0,0.02032,0.0,0.0,0.0
1012,2018-10-09,21.26,13.6,3.57,0.0,0.0,0.0,0.0,0.0,0.0,0.02286,0.0,0.0,0.0
1013,2018-10-10,3.96,8.35,2.26,0.00508,0.0127,0.0076199999999999,0.0,0.0177799999999999,0.0177799999999999,0.0431799999999999,0.0127,0.01016,0.0177799999999999
1014,2018-10-11,0.0,13.05,2.66,0.0127,0.02286,0.0127,0.01016,0.02286,0.04064,0.04826,0.0380999999999999,0.00508,0.02286
1015,2018-10-12,0.0,13.98,2.29,0.0076199999999999,0.02032,0.01016,0.0076199999999999,0.02032,0.0380999999999999,0.04572,0.0355599999999999,0.00254,0.0177799999999999
1016,2018-10-13,0.0,15.47,1.91,0.00254,0.0177799999999999,0.01016,0.00508,0.01016,0.0355599999999999,0.04064,0.0355599999999999,0.0,0.0152399999999999
1017,2018-10-14,0.0,9.54,-0.71,0.0,0.0177799999999999,0.0076199999999999,0.0,0.01016,0.02794,0.0380999999999999,0.03302,0.0,0.0127
1018,2018-10-15,0.0,10.46,-3.08,0.0,0.02286,0.0076199999999999,0.0,0.00254,0.0254,0.0380999999999999,0.03302,0.0,0.0127
1019,2018-10-16,0.0,15.18,-0.55,0.0,0.02286,0.0076199999999999,0.0,0.0,0.0254,0.0380999999999999,0.03302,0.0,0.0127
1020,2018-10-17,0.0,19.16,4.73,0.0,0.02286,0.0076199999999999,0.0,0.0,0.0254,0.0355599999999999,0.03302,0.0,0.0127
1021,2018-10-18,0.0,16.4,5.63,0.0,0.02286,0.0127,0.0,0.0,0.0177799999999999,0.0355599999999999,0.03302,0.0,0.01016
1022,2018-10-19,0.0,17.97,3.94,0.0,0.02032,0.0127,0.0,0.0,0.0127,0.0355599999999999,0.02794,0.0,0.0076199999999999
1023,2018-10-20,0.0,20.43,4.86,0.0,0.0177799999999999,0.01016,0.0,0.0,0.01016,0.0355599999999999,0.02286,0.0,0.0076199999999999
1024,2018-10-21,0.0,21.45,6.66,0.0,0.0127,0.01016,0.0,0.0,0.00508,0.0355599999999999,0.0177799999999999,0.0,0.00254
1025,2018-10-22,5.53,19.62,7.5,0.0,0.0,0.0076199999999999,0.0,0.0,0.0,0.03302,0.0076199999999999,0.0,0.0
1026,2018-10-23,0.0,18.14,8.46,0.0,0.0,0.00508,0.0,0.0,0.0,0.03302,0.0,0.0,0.0
1027,2018-10-24,0.0,19.21,5.11,0.0,0.0,0.0076199999999999,0.0,0.0,0.0,0.0304799999999999,0.0,0.0,0.0
1028,2018-10-25,0.0,15.58,5.88,0.0,0.0,0.00508,0.0,0.0,0.0,0.02286,0.0,0.0,0.0
1029,2018-10-26,0.0,18.24,5.26,0.0,0.0,0.00508,0.0,0.0,0.0,0.02286,0.0,0.0,0.0
1030,2018-10-27,0.0,21.0,5.96,0.0,0.0,0.00508,0.0,0.0,0.0,0.02286,0.0,0.0,0.0
1031,2018-10-28,0.0,21.86,7.56,0.0,0.0,0.00508,0.0,0.0,0.0,0.0177799999999999,0.0,0.0,0.0
1032,2018-10-29,0.0,16.33,6.75,0.0,0.0,0.00508,0.0,0.0,0.0,0.0127,0.0,0.0,0.0
1033,2018-10-30,0.0,11.64,0.11,0.0,0.0,0.00508,0.0,0.0,0.0,0.0127,0.0,0.0,0.0
1034,2018-10-31,0.0,8.45,-1.84,0.0,0.0,0.00508,0.0,0.0,0.0,0.0127,0.0,0.0,0.0
1035,2018-11-01,1.72,10.16,2.58,0.0,0.00508,0.00508,0.0,0.00254,0.0,0.0127,0.00254,0.0,0.00254
1036,2018-11-02,0.0,16.36,5.75,0.0,0.0127,0.00508,0.0,0.00508,0.0,0.0152399999999999,0.00508,0.00254,0.00508
1037,2018-11-03,0.0,12.06,1.96,0.0,0.0127,0.00508,0.0,0.00508,0.00254,0.02032,0.00254,0.0,0.00508
1038,2018-11-04,0.46,10.13,1.62,0.0,0.0127,0.00508,0.0,0.00508,0.00254,0.02032,0.00254,0.0,0.00254
1039,2018-11-05,0.0,11.36,1.43,0.0,0.0152399999999999,0.00508,0.0,0.01016,0.00508,0.02032,0.00508,0.0,0.0076199999999999
1040,2018-11-06,0.0,9.5,-0.51,0.0,0.0152399999999999,0.00508,0.0,0.01016,0.00508,0.02032,0.00508,0.00508,0.0076199999999999
1041,2018-11-07,0.0,8.97,-0.57,0.0,0.0152399999999999,0.0076199999999999,0.0,0.01016,0.00508,0.03302,0.00508,0.00508,0.0076199999999999
1042,2018-11-08,0.0,7.31,-4.72,0.0,0.0152399999999999,0.0076199999999999,0.0,0.01016,0.00508,0.03302,0.00508,0.00508,0.0076199999999999
1043,2018-11-09,0.0,7.28,-5.54,0.0,0.0152399999999999,0.0076199999999999,0.0,0.01016,0.0076199999999999,0.03302,0.00508,0.00508,0.0076199999999999
1044,2018-11-10,0.0,8.85,-3.77,0.0,0.0152399999999999,0.0076199999999999,0.0,0.01016,0.0076199999999999,0.03302,0.00508,0.00508,0.01016
1045,2018-11-11,0.0,6.46,-3.37,0.0,0.0152399999999999,0.0076199999999999,0.0,0.01016,0.0076199999999999,0.03302,0.00508,0.00508,0.01016
1046,2018-11-12,0.0,5.18,-5.4,0.0,0.0152399999999999,0.0076199999999999,0.0,0.01016,0.01016,0.03302,0.00508,0.00508,0.01016
1047,2018-11-13,0.0,6.34,-5.94,0.0,0.0152399999999999,0.0076199999999999,0.0,0.01016,0.01016,0.03302,0.00508,0.00508,0.01016
1048,2018-11-14,0.0,10.03,-3.04,0.0,0.0177799999999999,0.0076199999999999,0.0,0.01016,0.01016,0.03302,0.0076199999999999,0.00508,0.01016
1049,2018-11-15,0.0,10.44,-2.16,0.0,0.0177799999999999,0.0076199999999999,0.0,0.01016,0.01016,0.0355599999999999,0.0076199999999999,0.00508,0.01016
1050,2018-11-16,0.0,12.12,-1.46,0.0,0.0177799999999999,0.0076199999999999,0.0,0.0076199999999999,0.0076199999999999,0.0355599999999999,0.0076199999999999,0.00508,0.0127
1051,2018-11-17,0.41,7.92,-3.37,0.0,0.0177799999999999,0.0076199999999999,0.0,0.00508,0.0076199999999999,0.0355599999999999,0.0076199999999999,0.00508,0.0127
1052,2018-11-18,0.0,6.78,-5.3,0.0,0.02032,0.0076199999999999,0.00254,0.00508,0.01016,0.0355599999999999,0.0076199999999999,0.00508,0.0127
1053,2018-11-19,0.0,6.65,-5.81,0.0,0.02032,0.0076199999999999,0.00254,0.00508,0.01016,0.0355599999999999,0.0076199999999999,0.00508,0.0127
1054,2018-11-20,0.0,7.53,-4.52,0.0,0.02032,0.0076199999999999,0.00254,0.00508,0.0076199999999999,0.0355599999999999,0.0076199999999999,0.00508,0.0127
1055,2018-11-21,0.0,8.82,-4.01,0.0,0.02032,0.0076199999999999,0.00254,0.00508,0.0076199999999999,0.0355599999999999,0.0076199999999999,0.00508,0.0127
1056,2018-11-22,0.74,7.77,-1.39,0.0,0.02286,0.0076199999999999,0.00508,0.00254,0.0076199999999999,0.0355599999999999,0.01016,0.00508,0.0127
1057,2018-11-23,13.76,8.78,1.42,0.0127,0.0304799999999999,0.02032,0.0127,0.0076199999999999,0.0152399999999999,0.04826,0.02032,0.01016,0.02032
1058,2018-11-24,8.36,5.94,-0.24,0.02794,0.04826,0.0254,0.0254,0.03302,0.02286,0.08128,0.04064,0.02032,0.0380999999999999
1059,2018-11-25,0.0,5.12,-3.88,0.04572,0.0736599999999999,0.04572,0.0431799999999999,0.0635,0.0431799999999999,0.09652,0.06858,0.0304799999999999,0.0609599999999999
1060,2018-11-26,0.0,4.42,-5.33,0.04572,0.0736599999999999,0.04572,0.0431799999999999,0.0635,0.0431799999999999,0.09652,0.06858,0.0304799999999999,0.0609599999999999
1061,2018-11-27,0.0,5.91,-3.21,0.04572,0.0736599999999999,0.04572,0.04572,0.0635,0.0431799999999999,0.09652,0.06858,0.0304799999999999,0.0609599999999999
1062,2018-11-28,10.23,4.84,-0.55,0.0508,0.0736599999999999,0.0508,0.04826,0.0635,0.0431799999999999,0.09652,0.06858,0.0304799999999999,0.0609599999999999
1063,2018-11-29,13.71,4.15,0.0,0.0584199999999999,0.0838199999999999,0.05588,0.05334,0.07874,0.04826,0.1016,0.07874,0.0380999999999999,0.06858
1064,2018-11-30,8.23,4.83,0.39,0.06604,0.09906,0.0609599999999999,0.0635,0.0888999999999999,0.0584199999999999,0.12954,0.09652,0.04572,0.08128
1065,2018-12-01,0.0,3.57,-1.33,0.0761999999999999,0.1143,0.0761999999999999,0.0761999999999999,0.11176,0.0761999999999999,0.1422399999999999,0.11938,0.05588,0.09144
1066,2018-12-02,3.95,0.81,-2.21,0.0761999999999999,0.1143,0.0761999999999999,0.0761999999999999,0.1143,0.0761999999999999,0.1422399999999999,0.11938,0.0584199999999999,0.09398
1067,2018-12-03,1.45,-0.25,-5.43,0.0761999999999999,0.11938,0.08128,0.0761999999999999,0.12446,0.0838199999999999,0.16002,0.13208,0.0609599999999999,0.09652
1068,2018-12-04,0.49,-1.66,-9.37,0.0761999999999999,0.11938,0.08128,0.07874,0.12446,0.09144,0.16002,0.13716,0.0609599999999999,0.09906
1069,2018-12-05,0.0,-1.64,-8.84,0.0761999999999999,0.12446,0.08128,0.07874,0.12446,0.09144,0.16002,0.13716,0.0609599999999999,0.09906
1070,2018-12-06,0.0,0.44,-5.7,0.08128,0.12446,0.0838199999999999,0.0863599999999999,0.12446,0.09144,0.16002,0.13716,0.0609599999999999,0.09906
1071,2018-12-07,0.0,1.3,-4.82,0.08128,0.12446,0.0838199999999999,0.0863599999999999,0.12446,0.09144,0.16002,0.13716,0.0609599999999999,0.09906
1072,2018-12-08,0.0,3.57,-3.27,0.08128,0.12446,0.0838199999999999,0.0863599999999999,0.12446,0.09144,0.16002,0.13716,0.0609599999999999,0.09906
1073,2018-12-09,0.0,2.41,-3.53,0.08128,0.12446,0.0838199999999999,0.0863599999999999,0.12446,0.09144,0.16002,0.13716,0.0609599999999999,0.09906
1074,2018-12-10,0.0,1.48,-3.9,0.08128,0.12446,0.0838199999999999,0.0863599999999999,0.12446,0.09144,0.16002,0.13716,0.0609599999999999,0.09906
1075,2018-12-11,0.0,-0.15,-3.68,0.08128,0.12446,0.0838199999999999,0.0863599999999999,0.12446,0.09144,0.16002,0.13716,0.0609599999999999,0.09906
1076,2018-12-12,2.68,1.08,-4.46,0.08128,0.12446,0.0838199999999999,0.0863599999999999,0.12446,0.09144,0.16002,0.13716,0.0635,0.09906
1077,2018-12-13,0.0,1.8,-7.75,0.0838199999999999,0.12954,0.0863599999999999,0.0888999999999999,0.1397,0.11176,0.1676399999999999,0.14986,0.0635,0.11176
1078,2018-12-14,0.0,3.04,-6.91,0.0838199999999999,0.12954,0.0863599999999999,0.0888999999999999,0.1397,0.11176,0.1676399999999999,0.14986,0.0635,0.11176
1079,2018-12-15,0.0,6.23,-3.96,0.0888999999999999,0.12954,0.0888999999999999,0.09144,0.1397,0.11176,0.1676399999999999,0.14986,0.06604,0.11176
1080,2018-12-16,0.0,7.1,-1.94,0.0888999999999999,0.13208,0.0888999999999999,0.09144,0.1397,0.11176,0.1676399999999999,0.14986,0.06604,0.11176
1081,2018-12-17,0.2,6.88,-1.94,0.0888999999999999,0.13208,0.0888999999999999,0.09144,0.1397,0.11176,0.1676399999999999,0.14986,0.06604,0.11176
1082,2018-12-18,0.0,8.1,-0.1,0.0888999999999999,0.13208,0.0888999999999999,0.09144,0.1397,0.11176,0.1676399999999999,0.14986,0.06604,0.11176
1083,2018-12-19,0.0,8.12,0.44,0.0888999999999999,0.13208,0.0888999999999999,0.09144,0.1397,0.11176,0.1676399999999999,0.14986,0.06604,0.11176
1084,2018-12-20,0.0,7.75,-2.52,0.09144,0.13208,0.09398,0.09398,0.14478,0.11176,0.1676399999999999,0.14986,0.06858,0.11176
1085,2018-12-21,3.63,7.31,-1.92,0.09398,0.13208,0.09398,0.09398,0.14478,0.11176,0.1676399999999999,0.14986,0.06858,0.11176
1086,2018-12-22,0.0,3.66,-4.74,0.09906,0.1422399999999999,0.09906,0.09906,0.16256,0.11938,0.17018,0.15748,0.0711199999999999,0.12446
1087,2018-12-23,6.17,1.74,-5.43,0.09906,0.14478,0.09906,0.09906,0.16256,0.11938,0.17018,0.15748,0.0711199999999999,0.12446
1088,2018-12-24,2.28,4.8,-3.34,0.09906,0.14478,0.09906,0.1016,0.16256,0.1219199999999999,0.17526,0.16002,0.0736599999999999,0.12446
1089,2018-12-25,3.9,3.21,-1.97,0.1041399999999999,0.1523999999999999,0.1016,0.10668,0.1651,0.127,0.1777999999999999,0.1651,0.0761999999999999,0.127
1090,2018-12-26,2.46,2.21,-4.71,0.1041399999999999,0.15494,0.1041399999999999,0.10922,0.1727199999999999,0.1397,0.18288,0.17018,0.08128,0.13208
1091,2018-12-27,1.26,-2.48,-7.38,0.1041399999999999,0.16002,0.11176,0.10922,0.1727199999999999,0.1422399999999999,0.18288,0.17018,0.08128,0.13208
1092,2018-12-28,0.0,-0.53,-8.67,0.1041399999999999,0.1651,0.1143,0.1143,0.1777999999999999,0.1473199999999999,0.18542,0.17526,0.0838199999999999,0.13462
1093,2018-12-29,0.0,-2.96,-11.89,0.1041399999999999,0.1651,0.1143,0.1143,0.1777999999999999,0.1473199999999999,0.18542,0.17526,0.0838199999999999,0.13462
1094,2018-12-30,2.13,0.65,-7.19,0.10668,0.1676399999999999,0.1143,0.1143,0.1777999999999999,0.1473199999999999,0.18542,0.1777999999999999,0.0838199999999999,0.13462
1095,2018-12-31,0.0,-2.35,-9.15,0.10668,0.17526,0.11938,0.1143,0.1803399999999999,0.15748,0.18796,0.18288,0.0863599999999999,0.13716
1096,2019-01-01,0.0,-4.78,-13.95,0.10668,0.17526,0.11938,0.1143,0.1803399999999999,0.15748,0.18796,0.18288,0.0863599999999999,0.13716
1097,2019-01-02,0.0,-3.66,-13.85,0.10668,0.17526,0.11938,0.1143,0.1803399999999999,0.15748,0.18796,0.18288,0.0863599999999999,0.13716
1098,2019-01-03,0.0,-1.76,-12.36,0.10922,0.17526,0.11938,0.1168399999999999,0.1803399999999999,0.15748,0.1905,0.18542,0.0863599999999999,0.13716
1099,2019-01-04,0.0,0.49,-8.85,0.11176,0.17526,0.1219199999999999,0.11938,0.1803399999999999,0.15748,0.1905,0.18796,0.0863599999999999,0.1397
1100,2019-01-05,8.81,2.01,-8.34,0.11176,0.17526,0.1219199999999999,0.1219199999999999,0.1803399999999999,0.15748,0.19304,0.18796,0.0888999999999999,0.1422399999999999
1101,2019-01-06,14.42,3.75,-3.96,0.11176,0.17526,0.1219199999999999,0.1219199999999999,0.18288,0.16002,0.19558,0.1905,0.09144,0.14478
1102,2019-01-07,0.0,4.0,-1.78,0.12446,0.19558,0.1397,0.12954,0.19558,0.1777999999999999,0.2082799999999999,0.21336,0.1016,0.15748
1103,2019-01-08,0.0,3.96,-4.02,0.13716,0.21336,0.1523999999999999,0.1422399999999999,0.2209799999999999,0.1905,0.22352,0.24892,0.1168399999999999,0.17018
1104,2019-01-09,0.0,7.65,-2.81,0.13716,0.21336,0.1523999999999999,0.1422399999999999,0.2209799999999999,0.1905,0.22352,0.24892,0.1168399999999999,0.1727199999999999
1105,2019-01-10,0.73,2.39,-3.88,0.13716,0.21336,0.1523999999999999,0.1422399999999999,0.2209799999999999,0.1905,0.22352,0.24892,0.1168399999999999,0.1727199999999999
1106,2019-01-11,0.0,2.86,-2.75,0.13716,0.2158999999999999,0.15748,0.1422399999999999,0.2209799999999999,0.19304,0.22352,0.24892,0.1168399999999999,0.1727199999999999
1107,2019-01-12,0.0,0.79,-5.87,0.13716,0.2158999999999999,0.15748,0.1422399999999999,0.2209799999999999,0.19304,0.22352,0.24892,0.1168399999999999,0.1727199999999999
1108,2019-01-13,0.0,-0.7,-8.32,0.13716,0.2158999999999999,0.15748,0.1422399999999999,0.2209799999999999,0.19304,0.22352,0.24892,0.1168399999999999,0.1727199999999999
1109,2019-01-14,0.0,-2.07,-9.91,0.13716,0.2158999999999999,0.15748,0.1422399999999999,0.2209799999999999,0.19304,0.22352,0.24892,0.1168399999999999,0.1727199999999999
1110,2019-01-15,3.47,-0.35,-10.19,0.13716,0.21844,0.15748,0.1422399999999999,0.2209799999999999,0.19304,0.22352,0.24892,0.1168399999999999,0.1727199999999999
1111,2019-01-16,4.75,5.3,-4.27,0.13716,0.21844,0.15748,0.1473199999999999,0.22352,0.19304,0.2286,0.25146,0.1168399999999999,0.17526
1112,2019-01-17,20.84,6.85,-1.51,0.14478,0.22606,0.16002,0.1523999999999999,0.2286,0.19812,0.23622,0.26162,0.11938,0.1803399999999999
1113,2019-01-18,0.7,3.54,-1.38,0.1803399999999999,0.2667,0.18542,0.1803399999999999,0.25654,0.2413,0.2717799999999999,0.3175,0.14478,0.2057399999999999
1114,2019-01-19,0.0,3.09,-3.59,0.18796,0.2717799999999999,0.19304,0.18796,0.2667,0.254,0.27686,0.3302,0.1473199999999999,0.21082
1115,2019-01-20,9.86,6.56,-0.51,0.19304,0.27686,0.19812,0.1905,0.26924,0.25654,0.2794,0.3352799999999999,0.1473199999999999,0.21082
1116,2019-01-21,5.77,4.39,-3.16,0.19304,0.27686,0.19812,0.1905,0.26924,0.25654,0.2794,0.3352799999999999,0.1473199999999999,0.21082
1117,2019-01-22,0.0,0.76,-9.18,0.2032,0.2971799999999999,0.21082,0.2032,0.27432,0.2844799999999999,0.3047999999999999,0.3581399999999999,0.15748,0.21844
1118,2019-01-23,0.02,0.3,-8.8,0.2032,0.29972,0.21082,0.2032,0.27432,0.2844799999999999,0.3047999999999999,0.3581399999999999,0.15748,0.21844
1119,2019-01-24,0.0,4.25,-4.26,0.2057399999999999,0.29972,0.21082,0.2057399999999999,0.2794,0.28702,0.31242,0.36322,0.15748,0.2209799999999999
1120,2019-01-25,0.0,4.57,-4.27,0.21082,0.29972,0.21082,0.2057399999999999,0.2794,0.28702,0.31242,0.36322,0.15748,0.2209799999999999
1121,2019-01-26,0.0,4.47,-5.7,0.21082,0.29972,0.21082,0.2057399999999999,0.2794,0.28702,0.31242,0.36322,0.15748,0.2209799999999999
1122,2019-01-27,0.0,5.37,-4.27,0.21082,0.29972,0.21082,0.2057399999999999,0.2794,0.28702,0.31242,0.36322,0.15748,0.2209799999999999
1123,2019-01-28,0.0,5.34,-6.28,0.21082,0.29972,0.21082,0.2057399999999999,0.2794,0.28702,0.31242,0.36322,0.15748,0.2209799999999999
1124,2019-01-29,0.0,3.78,-6.51,0.2082799999999999,0.29972,0.21082,0.2057399999999999,0.2794,0.28702,0.31242,0.36322,0.15748,0.2209799999999999
1125,2019-01-30,0.0,3.39,-7.71,0.2082799999999999,0.29972,0.21082,0.2057399999999999,0.2794,0.28702,0.31242,0.36322,0.15748,0.2209799999999999
1126,2019-01-31,0.0,5.63,-5.88,0.2082799999999999,0.29972,0.21082,0.2057399999999999,0.2794,0.28702,0.31242,0.36322,0.15748,0.2209799999999999
1127,2019-02-01,0.0,7.58,-3.95,0.2082799999999999,0.29972,0.21082,0.2057399999999999,0.2794,0.28702,0.31242,0.36322,0.15748,0.2209799999999999
1128,2019-02-02,6.89,9.21,-0.46,0.21082,0.29972,0.21082,0.2082799999999999,0.2794,0.28702,0.31496,0.36322,0.15748,0.2209799999999999
1129,2019-02-03,4.3,7.78,0.13,0.21336,0.30226,0.21844,0.21082,0.28702,0.28702,0.32512,0.36322,0.15748,0.22606
1130,2019-02-04,1.63,7.8,2.81,0.2413,0.34036,0.23876,0.2336799999999999,0.32512,0.28956,0.37084,0.37592,0.1727199999999999,0.24892
1131,2019-02-05,4.37,4.86,-0.96,0.24892,0.3555999999999999,0.2438399999999999,0.23876,0.3479799999999999,0.2920999999999999,0.4064,0.381,0.1777999999999999,0.26924
1132,2019-02-06,1.58,-1.93,-5.35,0.254,0.37084,0.25146,0.24892,0.36322,0.30988,0.43434,0.40386,0.18542,0.2794
1133,2019-02-07,0.0,-3.43,-8.3,0.25654,0.38354,0.26924,0.25146,0.37338,0.3175,0.44958,0.4292599999999999,0.18542,0.2819399999999999
1134,2019-02-08,0.0,-0.98,-13.09,0.26416,0.38862,0.26924,0.25146,0.37846,0.32512,0.44958,0.43688,0.18542,0.2844799999999999
1135,2019-02-09,0.0,0.05,-9.36,0.26416,0.38862,0.26924,0.254,0.37846,0.32512,0.44958,0.43688,0.18542,0.2844799999999999
1136,2019-02-10,2.43,5.02,-7.68,0.26416,0.38862,0.26924,0.25654,0.37846,0.32766,0.45974,0.4445,0.18796,0.2920999999999999
1137,2019-02-11,0.0,0.86,-9.68,0.26416,0.4064,0.28702,0.26924,0.3987799999999999,0.3429,0.47752,0.4572,0.19558,0.2971799999999999
1138,2019-02-12,0.0,3.84,-8.8,0.26924,0.4064,0.28702,0.26924,0.3987799999999999,0.3429,0.47752,0.4572,0.19558,0.2971799999999999
1139,2019-02-13,23.3,6.02,-3.3,0.2717799999999999,0.4064,0.28956,0.2717799999999999,0.3987799999999999,0.3429,0.47752,0.4572,0.19558,0.2971799999999999
1140,2019-02-14,8.75,9.64,-0.35,0.2920999999999999,0.43434,0.2920999999999999,0.2920999999999999,0.4292599999999999,0.37846,0.5003799999999999,0.50292,0.22352,0.32512
1141,2019-02-15,2.85,10.72,-0.93,0.3047999999999999,0.45212,0.30734,0.3047999999999999,0.45212,0.381,0.52832,0.53594,0.2336799999999999,0.3454399999999999
1142,2019-02-16,1.74,3.55,-4.74,0.31242,0.4699,0.32258,0.32004,0.4699,0.3937,0.53848,0.54102,0.2336799999999999,0.35306
1143,2019-02-17,0.0,3.67,-6.03,0.31242,0.4699,0.32258,0.32004,0.47752,0.3937,0.54102,0.54102,0.23622,0.35306
1144,2019-02-18,0.0,1.08,-6.51,0.31242,0.4699,0.32258,0.32004,0.47752,0.39624,0.5461,0.54102,0.23622,0.35306
1145,2019-02-19,3.87,-2.11,-7.53,0.31242,0.4699,0.32258,0.32004,0.47752,0.39624,0.54864,0.54102,0.23622,0.35306
1146,2019-02-20,2.75,-0.61,-7.63,0.31242,0.47244,0.3302,0.32258,0.48514,0.3987799999999999,0.55372,0.54864,0.23876,0.3555999999999999
1147,2019-02-21,0.0,0.0,-9.03,0.31242,0.47244,0.3302,0.32258,0.4876799999999999,0.40386,0.55626,0.55372,0.23876,0.3555999999999999
1148,2019-02-22,0.0,0.19,-8.41,0.3175,0.47244,0.3302,0.32258,0.49022,0.4064,0.56642,0.5613400000000001,0.2413,0.3555999999999999
1149,2019-02-23,0.0,1.84,-9.89,0.3175,0.4749799999999999,0.3302,0.32512,0.4927599999999999,0.4064,0.5689599999999999,0.5613400000000001,0.2413,0.3555999999999999
1150,2019-02-24,1.34,7.08,-5.24,0.32004,0.47752,0.33782,0.32512,0.4927599999999999,0.4064,0.5689599999999999,0.5638799999999999,0.2413,0.3555999999999999
1151,2019-02-25,0.0,11.34,-0.63,0.32004,0.47752,0.33782,0.32766,0.4952999999999999,0.4064,0.5715,0.5638799999999999,0.2413,0.3581399999999999
1152,2019-02-26,0.0,12.85,5.05,0.32004,0.47752,0.34036,0.32766,0.49784,0.4064,0.57912,0.56642,0.2413,0.3606799999999999
1153,2019-02-27,0.93,10.78,4.32,0.32004,0.47752,0.34036,0.32766,0.5003799999999999,0.4064,0.57912,0.56642,0.2413,0.3606799999999999
1154,2019-02-28,0.57,11.86,2.66,0.32004,0.47752,0.34036,0.32766,0.50292,0.4114799999999999,0.5841999999999999,0.5689599999999999,0.2413,0.3606799999999999
1155,2019-03-01,1.68,9.05,-1.7,0.32258,0.48514,0.3479799999999999,0.3352799999999999,0.51562,0.41402,0.59182,0.57658,0.2438399999999999,0.3682999999999999
1156,2019-03-02,1.2,4.44,-1.11,0.32512,0.4952999999999999,0.3555999999999999,0.34036,0.5257799999999999,0.4165599999999999,0.59182,0.57658,0.2463799999999999,0.37084
1157,2019-03-03,0.0,6.04,-2.82,0.3352799999999999,0.5003799999999999,0.36322,0.35052,0.5334,0.4292599999999999,0.60452,0.58674,0.2463799999999999,0.37846
1158,2019-03-04,0.0,5.94,-4.63,0.34036,0.5003799999999999,0.37338,0.3555999999999999,0.5334,0.4317999999999999,0.61468,0.58674,0.2463799999999999,0.37846
1159,2019-03-05,0.5,9.67,-1.6,0.34036,0.5003799999999999,0.37338,0.3555999999999999,0.5334,0.4317999999999999,0.61468,0.58674,0.2463799999999999,0.37846
1160,2019-03-06,16.17,9.88,2.51,0.3479799999999999,0.51054,0.381,0.3606799999999999,0.53848,0.43434,0.6248400000000001,0.59182,0.2463799999999999,0.381
1161,2019-03-07,7.63,9.76,1.79,0.36576,0.5257799999999999,0.38862,0.37084,0.55118,0.4445,0.6476999999999999,0.6248400000000001,0.254,0.39624
1162,2019-03-08,11.6,5.64,0.08,0.37846,0.53848,0.39624,0.37846,0.5689599999999999,0.45974,0.66294,0.65532,0.26162,0.4114799999999999
1163,2019-03-09,0.0,4.71,-3.91,0.38862,0.55372,0.40894,0.39624,0.58166,0.4749799999999999,0.68072,0.6730999999999999,0.2717799999999999,0.4191
1164,2019-03-10,1.17,5.99,-2.96,0.39116,0.55626,0.40894,0.3987799999999999,0.5841999999999999,0.4749799999999999,0.6858,0.6730999999999999,0.27432,0.42164
1165,2019-03-11,0.0,8.73,-2.82,0.39116,0.5613400000000001,0.41402,0.40386,0.5892799999999999,0.47752,0.69342,0.67818,0.27686,0.42672
1166,2019-03-12,0.0,9.51,-2.85,0.39624,0.5613400000000001,0.41402,0.40386,0.59182,0.47752,0.6959599999999999,0.67818,0.2794,0.42672
1167,2019-03-13,1.3,3.91,-2.45,0.39624,0.56642,0.4241799999999999,0.4064,0.5943599999999999,0.4876799999999999,0.70358,0.6858,0.2794,0.4292599999999999
1168,2019-03-14,0.0,6.4,-3.17,0.40132,0.59182,0.4317999999999999,0.4241799999999999,0.6095999999999999,0.508,0.71374,0.6959599999999999,0.2844799999999999,0.4317999999999999
1169,2019-03-15,0.0,7.58,-4.47,0.4064,0.5969,0.43942,0.4241799999999999,0.6095999999999999,0.508,0.71374,0.6959599999999999,0.2844799999999999,0.4317999999999999
1170,2019-03-16,0.0,10.46,-3.19,0.4064,0.5969,0.43942,0.4241799999999999,0.6095999999999999,0.508,0.71374,0.6959599999999999,0.2844799999999999,0.4317999999999999
1171,2019-03-17,0.0,12.91,-1.6,0.4064,0.5969,0.43942,0.4241799999999999,0.6095999999999999,0.508,0.71374,0.6959599999999999,0.2844799999999999,0.4317999999999999
1172,2019-03-18,0.0,13.71,-0.6,0.4064,0.5969,0.43942,0.4241799999999999,0.6095999999999999,0.508,0.71374,0.6959599999999999,0.2844799999999999,0.4317999999999999
1173,2019-03-19,0.0,14.2,-0.82,0.4064,0.5969,0.43942,0.4241799999999999,0.6095999999999999,0.508,0.71374,0.6959599999999999,0.2844799999999999,0.4317999999999999
1174,2019-03-20,0.0,14.59,1.84,0.40386,0.5969,0.43942,0.4241799999999999,0.6095999999999999,0.508,0.71374,0.6959599999999999,0.2794,0.4317999999999999
1175,2019-03-21,10.74,11.67,3.09,0.40132,0.5969,0.43942,0.4241799999999999,0.6095999999999999,0.508,0.71374,0.6959599999999999,0.2667,0.4317999999999999
1176,2019-03-22,8.2,7.12,3.09,0.40132,0.5969,0.43942,0.42672,0.6095999999999999,0.51054,0.72898,0.70104,0.26416,0.4317999999999999
1177,2019-03-23,9.0,11.55,3.42,0.4064,0.59944,0.43942,0.4317999999999999,0.61976,0.51054,0.7340599999999999,0.70866,0.26416,0.43434
1178,2019-03-24,11.55,8.54,1.9,0.4064,0.60198,0.43942,0.4317999999999999,0.6223,0.51308,0.74168,0.71374,0.25654,0.43434
1179,2019-03-25,0.0,14.44,0.32,0.41402,0.6095999999999999,0.44958,0.4419599999999999,0.635,0.52324,0.75184,0.72898,0.25654,0.44958
1180,2019-03-26,0.0,17.49,2.94,0.41402,0.6095999999999999,0.4546599999999999,0.4419599999999999,0.635,0.52324,0.75184,0.72898,0.25654,0.44958
1181,2019-03-27,0.0,18.99,5.84,0.4064,0.6095999999999999,0.4546599999999999,0.43942,0.62992,0.51308,0.75184,0.72644,0.2311399999999999,0.44704
1182,2019-03-28,24.83,14.6,3.21,0.40132,0.6095999999999999,0.4546599999999999,0.43688,0.6223,0.508,0.75184,0.7162799999999999,0.21844,0.43688
1183,2019-03-29,6.3,7.58,0.61,0.40132,0.61468,0.4572,0.43688,0.635,0.52324,0.75692,0.72898,0.21336,0.44704
1184,2019-03-30,0.0,11.16,0.87,0.4165599999999999,0.635,0.47752,0.45212,0.65532,0.54864,0.76708,0.74676,0.21844,0.4572
1185,2019-03-31,0.0,11.91,-0.53,0.4165599999999999,0.635,0.4826,0.44958,0.65532,0.54864,0.76708,0.74676,0.2158999999999999,0.4572
1186,2019-04-01,0.0,13.85,1.85,0.4165599999999999,0.635,0.4876799999999999,0.4445,0.65532,0.54864,0.76708,0.74676,0.21336,0.4572
1187,2019-04-02,9.59,12.5,4.85,0.42164,0.635,0.4876799999999999,0.4419599999999999,0.65024,0.53848,0.76708,0.74676,0.19304,0.4572
1188,2019-04-03,3.57,12.35,5.69,0.4292599999999999,0.64516,0.4876799999999999,0.43942,0.6578599999999999,0.53594,0.77724,0.75184,0.18542,0.4546599999999999
1189,2019-04-04,0.0,18.07,5.63,0.42672,0.6476999999999999,0.4876799999999999,0.43688,0.6705599999999999,0.5334,0.78232,0.7365999999999999,0.17018,0.4419599999999999
1190,2019-04-05,3.0,17.46,7.39,0.42672,0.64516,0.4876799999999999,0.42672,0.66548,0.52324,0.78232,0.71374,0.1473199999999999,0.4292599999999999
1191,2019-04-06,0.0,13.82,5.44,0.4114799999999999,0.64008,0.4876799999999999,0.4165599999999999,0.6527799999999999,0.51054,0.77724,0.70104,0.12954,0.4165599999999999
1192,2019-04-07,0.0,17.73,3.95,0.4064,0.63754,0.4876799999999999,0.4114799999999999,0.6476999999999999,0.51054,0.7797799999999999,0.67818,0.1168399999999999,0.40894
1193,2019-04-08,0.0,20.28,5.83,0.40386,0.63754,0.4876799999999999,0.40386,0.64262,0.5054599999999999,0.7797799999999999,0.6705599999999999,0.10668,0.40132
1194,2019-04-09,12.21,16.0,4.73,0.38608,0.63754,0.49022,0.39624,0.6223,0.50292,0.77216,0.6527799999999999,0.0736599999999999,0.381
1195,2019-04-10,1.61,7.69,1.04,0.38862,0.66294,0.51054,0.40894,0.6248400000000001,0.51562,0.78232,0.6476999999999999,0.0635,0.37846
1196,2019-04-11,3.01,8.46,2.14,0.40894,0.70358,0.53848,0.44958,0.63754,0.5334,0.79248,0.65532,0.06604,0.38354
1197,2019-04-12,6.02,8.38,0.66,0.41402,0.70866,0.5435599999999999,0.45974,0.64262,0.5308599999999999,0.79248,0.6578599999999999,0.04064,0.38354
1198,2019-04-13,0.0,11.97,1.49,0.41402,0.71374,0.5461,0.46482,0.64008,0.54102,0.7975599999999999,0.6730999999999999,0.04064,0.38862
1199,2019-04-14,5.61,14.02,3.71,0.41402,0.71374,0.5461,0.46482,0.6476999999999999,0.5461,0.8000999999999999,0.67564,0.02794,0.38862
1200,2019-04-15,17.79,11.04,4.56,0.4165599999999999,0.71882,0.54102,0.4673599999999999,0.6604,0.53848,0.80264,0.6858,0.0152399999999999,0.37592
1201,2019-04-16,13.62,9.86,4.05,0.41402,0.7340599999999999,0.52324,0.47244,0.66548,0.53594,0.81534,0.66548,0.0076199999999999,0.3581399999999999
1202,2019-04-17,0.0,13.78,1.24,0.4114799999999999,0.74422,0.5334,0.4749799999999999,0.6730999999999999,0.55118,0.83566,0.6527799999999999,0.00508,0.3555999999999999
1203,2019-04-18,0.0,17.74,3.1,0.40132,0.74168,0.5334,0.47244,0.66548,0.54102,0.8331199999999999,0.63754,0.0,0.3429
1204,2019-04-19,0.0,24.12,5.67,0.3937,0.73914,0.52832,0.4622799999999999,0.6476999999999999,0.52832,0.82804,0.6095999999999999,0.0,0.32766
1205,2019-04-20,5.76,23.94,7.83,0.36576,0.72898,0.51308,0.4419599999999999,0.6223,0.5054599999999999,0.8128,0.58166,0.0,0.30734
1206,2019-04-21,5.74,16.68,7.9,0.3429,0.71882,0.508,0.42672,0.59182,0.4800599999999999,0.8051799999999999,0.55372,0.0,0.2794
1207,2019-04-22,0.0,17.58,8.51,0.33274,0.71374,0.5003799999999999,0.4191,0.5841999999999999,0.45974,0.80264,0.5257799999999999,0.0,0.26416
1208,2019-04-23,0.0,20.38,5.55,0.31496,0.70612,0.4952999999999999,0.40386,0.58166,0.4419599999999999,0.8000999999999999,0.508,0.0,0.25654
1209,2019-04-24,0.24,21.72,8.01,0.2946399999999999,0.6908799999999999,0.4876799999999999,0.38354,0.55372,0.4064,0.79502,0.47244,0.0,0.2336799999999999
1210,2019-04-25,0.0,21.62,7.7,0.27432,0.67818,0.47752,0.3606799999999999,0.5308599999999999,0.37338,0.7874,0.4317999999999999,0.0,0.21082
1211,2019-04-26,2.99,22.84,9.4,0.24892,0.66294,0.4699,0.34036,0.4952999999999999,0.34036,0.76708,0.3937,0.0,0.18288
1212,2019-04-27,0.0,19.21,4.44,0.2413,0.6527799999999999,0.45974,0.32258,0.4952999999999999,0.32004,0.7594599999999999,0.3606799999999999,0.0,0.1676399999999999
1213,2019-04-28,0.0,14.83,6.18,0.2209799999999999,0.6324599999999999,0.44958,0.3047999999999999,0.4699,0.2920999999999999,0.7365999999999999,0.31242,0.0,0.1473199999999999
1214,2019-04-29,0.0,14.14,3.1,0.21082,0.61468,0.4419599999999999,0.2946399999999999,0.45974,0.2819399999999999,0.7239,0.2844799999999999,0.0,0.13462
1215,2019-04-30,3.22,12.27,1.84,0.1905,0.61468,0.43434,0.27686,0.43942,0.25146,0.7111999999999999,0.25654,0.0,0.1219199999999999
1216,2019-05-01,2.84,11.3,0.95,0.20066,0.6223,0.43688,0.2794,0.4419599999999999,0.25146,0.7213599999999999,0.25908,0.0,0.1168399999999999
1217,2019-05-02,0.0,17.06,1.3,0.2082799999999999,0.6248400000000001,0.4419599999999999,0.2819399999999999,0.44704,0.25654,0.72644,0.26162,0.0,0.11176
1218,2019-05-03,0.0,18.87,3.98,0.2082799999999999,0.6248400000000001,0.43434,0.27432,0.44704,0.2413,0.72644,0.2463799999999999,0.0,0.09652
1219,2019-05-04,0.0,21.95,6.01,0.2082799999999999,0.61214,0.42164,0.25146,0.43434,0.21844,0.71882,0.2082799999999999,0.0,0.0761999999999999
1220,2019-05-05,0.0,23.82,7.96,0.17018,0.59182,0.4114799999999999,0.2286,0.40132,0.18796,0.70358,0.16002,0.0,0.04826
1221,2019-05-06,0.0,23.04,7.93,0.1473199999999999,0.57404,0.39116,0.2057399999999999,0.36322,0.15494,0.68326,0.10668,0.0,0.02032
1222,2019-05-07,10.15,16.57,8.38,0.13208,0.55626,0.381,0.19304,0.3302,0.12446,0.66802,0.0736599999999999,0.0,0.0076199999999999
1223,2019-05-08,2.11,16.93,7.44,0.13208,0.5613400000000001,0.37592,0.18288,0.32258,0.10922,0.66548,0.0609599999999999,0.0,0.0
1224,2019-05-09,0.0,15.37,6.44,0.127,0.5588,0.37084,0.16256,0.3175,0.0888999999999999,0.6705599999999999,0.0431799999999999,0.0,0.0
1225,2019-05-10,0.0,18.53,5.98,0.12446,0.5638799999999999,0.37846,0.16002,0.32512,0.0635,0.6730999999999999,0.03302,0.0,0.0
1226,2019-05-11,0.0,22.18,5.9,0.11176,0.55626,0.37084,0.13716,0.31242,0.0380999999999999,0.6730999999999999,0.0152399999999999,0.0,0.0
1227,2019-05-12,0.0,24.4,7.72,0.0838199999999999,0.5435599999999999,0.35052,0.1143,0.27686,0.02032,0.6578599999999999,0.0076199999999999,0.0,0.0
1228,2019-05-13,0.0,27.58,9.94,0.04826,0.5257799999999999,0.32258,0.0761999999999999,0.23876,0.0177799999999999,0.6223,0.0,0.0,0.0
1229,2019-05-14,0.0,27.79,11.37,0.01016,0.508,0.29972,0.04572,0.2032,0.0076199999999999,0.58674,0.0,0.0,0.0
1230,2019-05-15,0.0,27.29,14.08,0.0,0.48514,0.27432,0.02032,0.1676399999999999,0.0,0.55372,0.0,0.0,0.0
1231,2019-05-16,17.08,23.59,11.33,0.0,0.4622799999999999,0.2463799999999999,0.0,0.13462,0.0,0.51816,0.0,0.0,0.0
1232,2019-05-17,15.7,13.69,4.98,0.0,0.4419599999999999,0.2209799999999999,0.0,0.1143,0.0,0.508,0.0,0.0,0.0
1233,2019-05-18,2.38,13.26,4.62,0.0,0.4445,0.21844,0.0,0.11938,0.0152399999999999,0.51562,0.0,0.0,0.0
1234,2019-05-19,2.27,16.67,6.27,0.0,0.44704,0.2082799999999999,0.0,0.10668,0.01016,0.508,0.0,0.0,0.0
1235,2019-05-20,11.64,13.81,5.97,0.0,0.44958,0.19304,0.0,0.1016,0.0,0.51562,0.00254,0.0,0.0
1236,2019-05-21,18.44,12.24,5.26,0.0,0.44958,0.1803399999999999,0.0,0.0838199999999999,0.0,0.51562,0.0,0.0,0.0
1237,2019-05-22,2.32,13.61,5.16,0.0,0.4546599999999999,0.18288,0.0,0.07874,0.0076199999999999,0.5257799999999999,0.0,0.0,0.0
1238,2019-05-23,2.63,13.16,6.45,0.0,0.47244,0.19304,0.0,0.0863599999999999,0.0,0.5334,0.0,0.0,0.0
1239,2019-05-24,6.51,15.82,6.52,0.0,0.4952999999999999,0.2057399999999999,0.0127,0.09906,0.00254,0.55118,0.00508,0.0,0.0
1240,2019-05-25,0.0,21.56,7.06,0.0,0.5054599999999999,0.2032,0.0076199999999999,0.1016,0.0,0.5689599999999999,0.0,0.0,0.0
1241,2019-05-26,8.26,23.78,7.22,0.0,0.5054599999999999,0.1905,0.0,0.0838199999999999,0.0,0.5613400000000001,0.0,0.0,0.0
1242,2019-05-27,4.2,17.31,6.36,0.0,0.4927599999999999,0.1727199999999999,0.0,0.05588,0.0,0.55118,0.0,0.0,0.0
1243,2019-05-28,5.69,16.54,7.07,0.0,0.4876799999999999,0.1473199999999999,0.0,0.0380999999999999,0.0,0.5588,0.0,0.0,0.0
1244,2019-05-29,0.0,20.06,8.62,0.0,0.48514,0.127,0.0,0.0254,0.0,0.5588,0.0,0.0,0.0
1245,2019-05-30,1.63,23.46,9.27,0.0,0.4699,0.1016,0.0,0.00508,0.0,0.54864,0.0,0.0,0.0
1246,2019-05-31,0.78,23.67,10.13,0.0,0.4572,0.0711199999999999,0.0,0.0,0.0,0.5461,0.0,0.0,0.0
1247,2019-06-01,0.0,24.67,12.14,0.0,0.4419599999999999,0.04572,0.0,0.0,0.0,0.51562,0.0,0.0,0.0
1248,2019-06-02,0.0,23.97,11.54,0.0,0.42164,0.02032,0.0,0.0,0.0,0.4952999999999999,0.0,0.0,0.0
1249,2019-06-03,0.0,25.63,10.59,0.0,0.40386,0.0,0.0,0.0,0.0,0.4673599999999999,0.0,0.0,0.0
1250,2019-06-04,0.0,26.5,11.76,0.0,0.39116,0.0,0.0,0.0,0.0,0.42672,0.0,0.0,0.0
1251,2019-06-05,0.0,27.44,12.75,0.0,0.33782,0.0,0.0,0.0,0.0,0.40386,0.0,0.0,0.0
1252,2019-06-06,7.79,29.63,14.1,0.0,0.2946399999999999,0.0,0.0,0.0,0.0,0.3581399999999999,0.0,0.0,0.0
1253,2019-06-07,0.0,24.35,11.08,0.0,0.2463799999999999,0.0,0.0,0.0,0.0,0.3352799999999999,0.0,0.0,0.0
1254,2019-06-08,0.0,16.72,5.4,0.0,0.19304,0.0,0.0,0.0,0.0,0.2920999999999999,0.0,0.0,0.0
1255,2019-06-09,0.0,20.27,4.53,0.0,0.19304,0.0,0.0,0.0,0.0,0.26416,0.0,0.0,0.0
1256,2019-06-10,0.0,23.85,7.22,0.0,0.16256,0.0,0.0,0.0,0.0,0.2413,0.0,0.0,0.0
1257,2019-06-11,0.0,26.24,10.26,0.0,0.127,0.0,0.0,0.0,0.0,0.2082799999999999,0.0,0.0,0.0
1258,2019-06-12,0.0,28.41,11.53,0.0,0.0863599999999999,0.0,0.0,0.0,0.0,0.17018,0.0,0.0,0.0
1259,2019-06-13,0.88,29.47,14.41,0.0,0.0431799999999999,0.0,0.0,0.0,0.0,0.13462,0.0,0.0,0.0
1260,2019-06-14,0.0,27.34,14.55,0.0,0.0,0.0,0.0,0.0,0.0,0.09398,0.0,0.0,0.0
1261,2019-06-15,0.0,28.59,13.96,0.0,0.0,0.0,0.0,0.0,0.0,0.06604,0.0,0.0,0.0
1262,2019-06-16,0.0,28.37,13.72,0.0,0.0,0.0,0.0,0.0,0.0,0.03302,0.0,0.0,0.0
1263,2019-06-17,2.44,27.74,14.39,0.0,0.0,0.0,0.0,0.0,0.0,0.01016,0.0,0.0,0.0
1264,2019-06-18,0.0,27.27,13.2,0.0,0.0,0.0,0.0,0.0,0.0,0.0,0.0,0.0,0.0
1265,2019-06-19,0.0,28.36,13.16,0.0,0.0,0.0,0.0,0.0,0.0,0.0,0.0,0.0,0.0
1266,2019-06-20,0.0,25.52,9.64,0.0,0.0,0.0,0.0,0.0,0.0,0.0,0.0,0.0,0.0
1267,2019-06-21,0.0,18.88,4.81,0.0,0.0,0.0,0.0,0.0,0.0,0.0,0.0,0.0,0.0
1268,2019-06-22,0.0,20.35,6.63,0.0,0.0,0.0,0.0,0.0,0.0,0.0,0.0,0.0,0.0
1269,2019-06-23,0.0,24.6,8.7,0.0,0.0,0.0,0.0,0.0,0.0,0.0,0.0,0.0,0.0
1270,2019-06-24,0.0,26.88,11.54,0.0,0.0,0.0,0.0,0.0,0.0,0.0,0.0,0.0,0.0
1271,2019-06-25,0.0,29.67,13.29,0.0,0.0,0.0,0.0,0.0,0.0,0.0,0.0,0.0,0.0
1272,2019-06-26,0.0,30.98,14.81,0.0,0.0,0.0,0.0,0.0,0.0,0.0,0.0,0.0,0.0
1273,2019-06-27,0.0,31.69,19.02,0.0,0.0,0.0,0.0,0.0,0.0,0.0,0.0,0.0,0.0
1274,2019-06-28,0.0,32.91,16.02,0.0,0.0,0.0,0.0,0.0,0.0,0.0,0.0,0.0,0.0
1275,2019-06-29,0.0,31.96,13.61,0.0,0.0,0.0,0.0,0.0,0.0,0.0,0.0,0.0,0.0
1276,2019-06-30,0.0,29.46,16.64,0.0,0.0,0.0,0.0,0.0,0.0,0.0,0.0,0.0,0.0
1277,2019-07-01,0.0,32.56,15.18,0.0,0.0,0.0,0.0,0.0,0.0,0.0,0.0,0.0,0.0
1278,2019-07-02,0.0,33.75,16.32,0.0,0.0,0.0,0.0,0.0,0.0,0.0,0.0,0.0,0.0
1279,2019-07-03,0.0,31.53,15.98,0.0,0.0,0.0,0.0,0.0,0.0,0.0,0.0,0.0,0.0
1280,2019-07-04,0.22,27.5,13.57,0.0,0.0,0.0,0.0,0.0,0.0,0.0,0.0,0.0,0.0
1281,2019-07-05,0.0,28.86,11.27,0.0,0.0,0.0,0.0,0.0,0.0,0.0,0.0,0.0,0.0
1282,2019-07-06,0.0,32.25,13.56,0.0,0.0,0.0,0.0,0.0,0.0,0.0,0.0,0.0,0.0
1283,2019-07-07,0.0,33.42,15.53,0.0,0.0,0.0,0.0,0.0,0.0,0.0,0.0,0.0,0.0
1284,2019-07-08,0.0,30.67,15.16,0.0,0.0,0.0,0.0,0.0,0.0,0.0,0.0,0.0,0.0
1285,2019-07-09,0.0,30.9,13.07,0.0,0.0,0.0,0.0,0.0,0.0,0.0,0.0,0.0,0.0
1286,2019-07-10,0.0,35.23,14.47,0.0,0.0,0.0,0.0,0.0,0.0,0.0,0.0,0.0,0.0
1287,2019-07-11,0.0,36.76,17.77,0.0,0.0,0.0,0.0,0.0,0.0,0.0,0.0,0.0,0.0
1288,2019-07-12,0.0,37.01,17.95,0.0,0.0,0.0,0.0,0.0,0.0,0.0,0.0,0.0,0.0
1289,2019-07-13,4.07,34.28,18.09,0.0,0.0,0.0,0.0,0.0,0.0,0.0,0.0,0.0,0.0
1290,2019-07-14,0.0,36.32,17.11,0.0,0.0,0.0,0.0,0.0,0.0,0.0,0.0,0.0,0.0
1291,2019-07-15,0.0,35.57,18.24,0.0,0.0,0.0,0.0,0.0,0.0,0.0,0.0,0.0,0.0
1292,2019-07-16,0.0,35.28,16.8,0.0,0.0,0.0,0.0,0.0,0.0,0.0,0.0,0.0,0.0
1293,2019-07-17,0.0,33.07,16.45,0.0,0.0,0.0,0.0,0.0,0.0,0.0,0.0,0.0,0.0
1294,2019-07-18,0.0,34.81,17.7,0.0,0.0,0.0,0.0,0.0,0.0,0.0,0.0,0.0,0.0
1295,2019-07-19,0.0,34.43,18.0,0.0,0.0,0.0,0.0,0.0,0.0,0.0,0.0,0.0,0.0
1296,2019-07-20,0.0,34.2,17.31,0.0,0.0,0.0,0.0,0.0,0.0,0.0,0.0,0.0,0.0
1297,2019-07-21,0.0,36.01,17.93,0.0,0.0,0.0,0.0,0.0,0.0,0.0,0.0,0.0,0.0
1298,2019-07-22,0.0,37.98,19.53,0.0,0.0,0.0,0.0,0.0,0.0,0.0,0.0,0.0,0.0
1299,2019-07-23,0.0,37.32,20.97,0.0,0.0,0.0,0.0,0.0,0.0,0.0,0.0,0.0,0.0
1300,2019-07-24,0.0,33.89,21.09,0.0,0.0,0.0,0.0,0.0,0.0,0.0,0.0,0.0,0.0
1301,2019-07-25,0.0,33.98,18.31,0.0,0.0,0.0,0.0,0.0,0.0,0.0,0.0,0.0,0.0
1302,2019-07-26,2.57,31.26,20.2,0.0,0.0,0.0,0.0,0.0,0.0,0.0,0.0,0.0,0.0
1303,2019-07-27,0.0,30.11,18.83,0.0,0.0,0.0,0.0,0.0,0.0,0.0,0.0,0.0,0.0
1304,2019-07-28,0.0,34.15,17.93,0.0,0.0,0.0,0.0,0.0,0.0,0.0,0.0,0.0,0.0
1305,2019-07-29,0.0,34.51,19.38,0.0,0.0,0.0,0.0,0.0,0.0,0.0,0.0,0.0,0.0
1306,2019-07-30,0.0,36.26,18.31,0.0,0.0,0.0,0.0,0.0,0.0,0.0,0.0,0.0,0.0
1307,2019-07-31,0.0,32.3,18.22,0.0,0.0,0.0,0.0,0.0,0.0,0.0,0.0,0.0,0.0
1308,2019-08-01,0.0,31.92,15.69,0.0,0.0,0.0,0.0,0.0,0.0,0.0,0.0,0.0,0.0
1309,2019-08-02,0.0,35.16,17.81,0.0,0.0,0.0,0.0,0.0,0.0,0.0,0.0,0.0,0.0
1310,2019-08-03,0.0,34.95,19.28,0.0,0.0,0.0,0.0,0.0,0.0,0.0,0.0,0.0,0.0
1311,2019-08-04,0.0,35.58,18.03,0.0,0.0,0.0,0.0,0.0,0.0,0.0,0.0,0.0,0.0
1312,2019-08-05,0.0,36.25,20.17,0.0,0.0,0.0,0.0,0.0,0.0,0.0,0.0,0.0,0.0
1313,2019-08-06,0.0,36.96,19.2,0.0,0.0,0.0,0.0,0.0,0.0,0.0,0.0,0.0,0.0
1314,2019-08-07,0.0,31.03,19.18,0.0,0.0,0.0,0.0,0.0,0.0,0.0,0.0,0.0,0.0
1315,2019-08-08,13.44,25.19,16.27,0.0,0.0,0.0,0.0,0.0,0.0,0.0,0.0,0.0,0.0
1316,2019-08-09,0.0,30.43,14.51,0.0,0.0,0.0,0.0,0.0,0.0,0.0,0.0,0.0,0.0
1317,2019-08-10,0.0,33.24,16.48,0.0,0.0,0.0,0.0,0.0,0.0,0.0,0.0,0.0,0.0
1318,2019-08-11,0.0,29.97,16.99,0.0,0.0,0.0,0.0,0.0,0.0,0.0,0.0,0.0,0.0
1319,2019-08-12,0.0,28.64,13.08,0.0,0.0,0.0,0.0,0.0,0.0,0.0,0.0,0.0,0.0
1320,2019-08-13,0.0,32.33,13.4,0.0,0.0,0.0,0.0,0.0,0.0,0.0,0.0,0.0,0.0
1321,2019-08-14,0.0,33.5,15.8,0.0,0.0,0.0,0.0,0.0,0.0,0.0,0.0,0.0,0.0
1322,2019-08-15,0.0,33.93,15.89,0.0,0.0,0.0,0.0,0.0,0.0,0.0,0.0,0.0,0.0
1323,2019-08-16,0.0,31.53,16.33,0.0,0.0,0.0,0.0,0.0,0.0,0.0,0.0,0.0,0.0
1324,2019-08-17,0.0,30.79,14.49,0.0,0.0,0.0,0.0,0.0,0.0,0.0,0.0,0.0,0.0
1325,2019-08-18,0.0,33.48,15.24,0.0,0.0,0.0,0.0,0.0,0.0,0.0,0.0,0.0,0.0
1326,2019-08-19,0.0,34.52,17.47,0.0,0.0,0.0,0.0,0.0,0.0,0.0,0.0,0.0,0.0
1327,2019-08-20,0.0,34.49,17.24,0.0,0.0,0.0,0.0,0.0,0.0,0.0,0.0,0.0,0.0
1328,2019-08-21,0.0,35.19,16.27,0.0,0.0,0.0,0.0,0.0,0.0,0.0,0.0,0.0,0.0
1329,2019-08-22,0.0,32.5,15.78,0.0,0.0,0.0,0.0,0.0,0.0,0.0,0.0,0.0,0.0
1330,2019-08-23,0.0,29.67,13.28,0.0,0.0,0.0,0.0,0.0,0.0,0.0,0.0,0.0,0.0
1331,2019-08-24,0.0,32.58,14.54,0.0,0.0,0.0,0.0,0.0,0.0,0.0,0.0,0.0,0.0
1332,2019-08-25,0.0,32.69,15.8,0.0,0.0,0.0,0.0,0.0,0.0,0.0,0.0,0.0,0.0
1333,2019-08-26,0.0,28.29,13.48,0.0,0.0,0.0,0.0,0.0,0.0,0.0,0.0,0.0,0.0
1334,2019-08-27,0.0,29.73,11.39,0.0,0.0,0.0,0.0,0.0,0.0,0.0,0.0,0.0,0.0
1335,2019-08-28,0.0,33.44,13.31,0.0,0.0,0.0,0.0,0.0,0.0,0.0,0.0,0.0,0.0
1336,2019-08-29,1.73,33.86,15.44,0.0,0.0,0.0,0.0,0.0,0.0,0.0,0.0,0.0,0.0
1337,2019-08-30,0.0,34.5,17.8,0.0,0.0,0.0,0.0,0.0,0.0,0.0,0.0,0.0,0.0
1338,2019-08-31,0.0,34.15,16.98,0.0,0.0,0.0,0.0,0.0,0.0,0.0,0.0,0.0,0.0
1339,2019-09-01,0.0,35.99,17.0,0.0,0.0,0.0,0.0,0.0,0.0,0.0,0.0,0.0,0.0
1340,2019-09-02,0.0,35.25,17.15,0.0,0.0,0.0,0.0,0.0,0.0,0.0,0.0,0.0,0.0
1341,2019-09-03,0.0,33.39,20.54,0.0,0.0,0.0,0.0,0.0,0.0,0.0,0.0,0.0,0.0
1342,2019-09-04,0.0,35.1,17.57,0.0,0.0,0.0,0.0,0.0,0.0,0.0,0.0,0.0,0.0
1343,2019-09-05,0.0,33.65,18.75,0.0,0.0,0.0,0.0,0.0,0.0,0.0,0.0,0.0,0.0
1344,2019-09-06,0.0,29.63,19.31,0.0,0.0,0.0,0.0,0.0,0.0,0.0,0.0,0.0,0.0
1345,2019-09-07,0.0,29.34,15.2,0.0,0.0,0.0,0.0,0.0,0.0,0.0,0.0,0.0,0.0
1346,2019-09-08,3.43,25.43,13.76,0.0,0.0,0.0,0.0,0.0,0.0,0.0,0.0,0.0,0.0
1347,2019-09-09,0.0,25.38,11.54,0.0,0.0,0.0,0.0,0.0,0.0,0.0,0.0,0.0,0.0
1348,2019-09-10,10.45,24.06,12.83,0.0,0.0,0.0,0.0,0.0,0.0,0.0,0.0,0.0,0.0
1349,2019-09-11,3.98,19.18,10.39,0.0,0.0,0.0,0.0,0.0,0.0,0.0,0.0,0.0,0.0
1350,2019-09-12,0.0,22.16,8.55,0.0,0.0,0.0,0.0,0.0,0.0,0.0,0.0,0.0,0.0
1351,2019-09-13,0.0,26.07,8.38,0.0,0.0,0.0,0.0,0.0,0.0,0.0,0.0,0.0,0.0
1352,2019-09-14,0.0,30.41,11.08,0.0,0.0,0.0,0.0,0.0,0.0,0.0,0.0,0.0,0.0
1353,2019-09-15,0.0,32.44,13.76,0.0,0.0,0.0,0.0,0.0,0.0,0.0,0.0,0.0,0.0
1354,2019-09-16,0.41,29.62,16.28,0.0,0.0,0.0,0.0,0.0,0.0,0.0,0.0,0.0,0.0
1355,2019-09-17,0.0,21.67,10.57,0.0,0.0,0.0,0.0,0.0,0.0,0.0,0.0,0.0,0.0
1356,2019-09-18,0.0,26.13,6.84,0.0,0.0,0.0,0.0,0.0,0.0,0.0,0.0,0.0,0.0
1357,2019-09-19,2.47,23.88,7.88,0.0,0.0,0.0,0.0,0.0,0.0,0.0,0.0,0.0,0.0
1358,2019-09-20,17.23,14.61,7.25,0.0,0.0,0.0,0.0,0.0,0.0,0.0,0.0,0.0,0.0
1359,2019-09-21,0.0,17.8,5.69,0.0,0.0,0.0,0.0,0.0,0.0,0.00508,0.0,0.0,0.0
1360,2019-09-22,0.0,22.36,6.06,0.0,0.0,0.0,0.0,0.0,0.0,0.0,0.0,0.0,0.0
1361,2019-09-23,0.0,25.4,9.32,0.0,0.0,0.0,0.0,0.0,0.0,0.0,0.0,0.0,0.0
1362,2019-09-24,0.0,23.62,9.38,0.0,0.0,0.0,0.0,0.0,0.0,0.0,0.0,0.0,0.0
1363,2019-09-25,0.0,23.79,9.94,0.0,0.0,0.0,0.0,0.0,0.0,0.0,0.0,0.0,0.0
1364,2019-09-26,0.0,25.63,9.64,0.0,0.0,0.0,0.0,0.0,0.0,0.0,0.0,0.0,0.0
1365,2019-09-27,1.99,20.96,10.88,0.0,0.0,0.0,0.0,0.0,0.0,0.0,0.0,0.0,0.0
1366,2019-09-28,12.0,15.46,8.92,0.0,0.0,0.0,0.0,0.0,0.0,0.0,0.0,0.0,0.0
1367,2019-09-29,4.52,8.39,3.27,0.0,0.0,0.0,0.0,0.0,0.0,0.0,0.0,0.0,0.0
1368,2019-09-30,0.0,13.41,0.88,0.0,0.0,0.0,0.0,0.00508,0.00254,0.00508,0.00508,0.0,0.00254
1369,2019-10-01,0.0,14.78,1.49,0.0,0.0,0.0,0.0,0.0,0.0,0.0,0.00508,0.0,0.0
1370,2019-10-02,0.0,13.63,3.44,0.0,0.0,0.0,0.0,0.0,0.0,0.0,0.0,0.0,0.0
1371,2019-10-03,0.0,18.51,1.58,0.0,0.0,0.0,0.0,0.0,0.0,0.0,0.0,0.0,0.0
1372,2019-10-04,0.0,15.47,2.72,0.0,0.0,0.0,0.0,0.0,0.0,0.0,0.0,0.0,0.0
1373,2019-10-05,0.0,14.07,1.02,0.0,0.0,0.0,0.0,0.0,0.0,0.0,0.0,0.0,0.0
1374,2019-10-06,0.0,15.2,1.28,0.0,0.0,0.0,0.0,0.0,0.0,0.0,0.0,0.0,0.0
1375,2019-10-07,0.0,18.29,1.75,0.0,0.0,0.0,0.0,0.0,0.0,0.0,0.0,0.0,0.0
1376,2019-10-08,0.0,22.36,4.69,0.0,0.0,0.0,0.0,0.0,0.0,0.0,0.0,0.0,0.0
1377,2019-10-09,0.0,15.13,2.48,0.0,0.0,0.0,0.0,0.0,0.0,0.0,0.0,0.0,0.0
1378,2019-10-10,0.0,5.56,-3.92,0.0,0.0,0.0,0.0,0.00254,0.00254,0.0,0.0,0.0,0.00254
1379,2019-10-11,0.0,9.26,-5.04,0.0,0.0,0.0,0.0,0.00254,0.00254,0.00508,0.0,0.0,0.00254
1380,2019-10-12,0.0,13.63,-2.63,0.0,0.0,0.0,0.0,0.0,0.0,0.0,0.0,0.0,0.0
1381,2019-10-13,0.0,18.34,-0.11,0.0,0.0,0.0,0.0,0.0,0.0,0.0,0.0,0.0,0.0
1382,2019-10-14,0.0,18.82,2.84,0.0,0.0,0.0,0.0,0.0,0.0,0.0,0.0,0.0,0.0
1383,2019-10-15,0.0,20.22,3.89,0.0,0.0,0.0,0.0,0.0,0.0,0.0,0.0,0.0,0.0
1384,2019-10-16,0.0,23.95,5.97,0.0,0.0,0.0,0.0,0.0,0.0,0.0,0.0,0.0,0.0
1385,2019-10-17,4.2,22.45,4.83,0.0,0.0,0.0,0.0,0.0,0.0,0.0,0.0,0.0,0.0
1386,2019-10-18,0.0,13.52,2.46,0.0,0.0,0.0,0.0,0.00508,0.00254,0.00508,0.0,0.0,0.0
1387,2019-10-19,5.27,11.71,1.83,0.0,0.0,0.0,0.0,0.0,0.0,0.0,0.0,0.0,0.0
1388,2019-10-20,0.0,8.96,2.37,0.02286,0.0254,0.02286,0.01016,0.02286,0.0254,0.0254,0.02286,0.0152399999999999,0.0152399999999999
1389,2019-10-21,0.0,12.34,3.69,0.02286,0.0304799999999999,0.02794,0.01016,0.02794,0.0304799999999999,0.0304799999999999,0.0304799999999999,0.01016,0.0177799999999999
1390,2019-10-22,0.0,14.93,5.06,0.02794,0.03302,0.0304799999999999,0.0127,0.0304799999999999,0.0304799999999999,0.03302,0.0304799999999999,0.00508,0.02032
1391,2019-10-23,0.0,13.87,2.5,0.02286,0.03302,0.0304799999999999,0.0127,0.02794,0.02794,0.03302,0.0304799999999999,0.0,0.0177799999999999
1392,2019-10-24,0.0,11.21,-1.81,0.02032,0.03302,0.0304799999999999,0.0127,0.0254,0.02286,0.0304799999999999,0.0304799999999999,0.0,0.0152399999999999
1393,2019-10-25,0.0,15.2,-0.32,0.02032,0.0355599999999999,0.03302,0.0127,0.02286,0.02032,0.0304799999999999,0.0304799999999999,0.0,0.0152399999999999
1394,2019-10-26,0.0,14.84,0.67,0.02286,0.0355599999999999,0.03302,0.0127,0.02032,0.02032,0.0304799999999999,0.0304799999999999,0.0,0.0152399999999999
1395,2019-10-27,0.24,4.94,-2.38,0.02286,0.0355599999999999,0.03302,0.0127,0.0177799999999999,0.0127,0.0304799999999999,0.0304799999999999,0.0,0.0152399999999999
1396,2019-10-28,0.52,2.51,-7.56,0.02286,0.04064,0.0380999999999999,0.0127,0.02032,0.02032,0.0380999999999999,0.0355599999999999,0.00254,0.02032
1397,2019-10-29,2.19,-0.82,-9.4,0.02794,0.04572,0.04064,0.0127,0.02286,0.02286,0.04064,0.0380999999999999,0.0076199999999999,0.0254
1398,2019-10-30,0.0,-0.28,-12.97,0.02794,0.04826,0.04064,0.0127,0.0355599999999999,0.03302,0.05588,0.04826,0.0076199999999999,0.0304799999999999
1399,2019-10-31,0.0,5.9,-9.29,0.02794,0.0508,0.04572,0.0127,0.0355599999999999,0.03302,0.05588,0.04826,0.0076199999999999,0.0304799999999999
1400,2019-11-01,0.0,8.2,-6.24,0.02794,0.05588,0.04826,0.0127,0.0355599999999999,0.03302,0.05588,0.04826,0.0076199999999999,0.0304799999999999
1401,2019-11-02,0.0,10.59,-4.37,0.02794,0.05588,0.04826,0.0127,0.0355599999999999,0.03302,0.05588,0.04826,0.00254,0.0304799999999999
1402,2019-11-03,0.0,12.77,-1.76,0.02794,0.05588,0.04826,0.0127,0.0355599999999999,0.03302,0.05588,0.04826,0.0,0.0304799999999999
1403,2019-11-04,0.0,13.24,-1.01,0.02794,0.05588,0.04826,0.0177799999999999,0.0355599999999999,0.03302,0.05588,0.04826,0.0,0.0304799999999999
1404,2019-11-05,0.0,15.76,0.68,0.02794,0.05588,0.04826,0.0177799999999999,0.0355599999999999,0.03302,0.05588,0.04826,0.0,0.0304799999999999
1405,2019-11-06,0.0,16.51,1.54,0.02794,0.05588,0.04826,0.0177799999999999,0.0355599999999999,0.03302,0.05588,0.04826,0.0,0.0304799999999999
1406,2019-11-07,0.0,15.97,1.58,0.02794,0.05588,0.04826,0.0177799999999999,0.0355599999999999,0.02794,0.05334,0.04826,0.0,0.0304799999999999
1407,2019-11-08,0.0,16.71,1.49,0.02794,0.05588,0.04826,0.0177799999999999,0.0304799999999999,0.0254,0.05334,0.04826,0.0,0.0304799999999999
1408,2019-11-09,0.0,16.53,2.51,0.02794,0.05588,0.04826,0.0177799999999999,0.0152399999999999,0.0254,0.0508,0.04572,0.0,0.0304799999999999
1409,2019-11-10,0.0,14.4,1.13,0.02794,0.05588,0.04826,0.0177799999999999,0.00508,0.0254,0.0508,0.04572,0.0,0.0304799999999999
1410,2019-11-11,0.0,12.74,1.21,0.02794,0.05588,0.04826,0.0177799999999999,0.0,0.02286,0.0508,0.04572,0.0,0.0304799999999999
1411,2019-11-12,0.0,13.29,-1.22,0.0355599999999999,0.05588,0.04826,0.0177799999999999,0.0,0.02032,0.0508,0.04572,0.0,0.02794
1412,2019-11-13,0.0,14.88,1.54,0.0355599999999999,0.05588,0.04826,0.0177799999999999,0.0,0.02032,0.0508,0.04572,0.0,0.02794
1413,2019-11-14,0.0,15.91,1.27,0.0355599999999999,0.05588,0.04826,0.0177799999999999,0.0,0.02032,0.0508,0.04572,0.0,0.02794
1414,2019-11-15,0.0,17.88,2.95,0.0355599999999999,0.05588,0.04826,0.0177799999999999,0.0,0.02032,0.0508,0.04572,0.0,0.02794
1415,2019-11-16,0.0,13.86,2.09,0.0355599999999999,0.05588,0.04826,0.0177799999999999,0.0,0.0152399999999999,0.0508,0.04064,0.0,0.02794
1416,2019-11-17,0.0,13.16,-0.2,0.0355599999999999,0.05588,0.04826,0.0177799999999999,0.0,0.0127,0.0508,0.0380999999999999,0.0,0.02794
1417,2019-11-18,0.0,14.78,1.33,0.0355599999999999,0.05588,0.04826,0.0177799999999999,0.0,0.0127,0.0508,0.0380999999999999,0.0,0.02794
1418,2019-11-19,0.0,16.18,2.34,0.0355599999999999,0.0584199999999999,0.04826,0.0177799999999999,0.0,0.0076199999999999,0.0508,0.03302,0.0,0.02794
1419,2019-11-20,0.53,10.6,4.52,0.0355599999999999,0.0584199999999999,0.04826,0.02286,0.0,0.0076199999999999,0.0508,0.0254,0.0,0.02794
1420,2019-11-21,0.0,6.64,1.96,0.0380999999999999,0.0635,0.0584199999999999,0.02794,0.00508,0.0127,0.0635,0.0355599999999999,0.00508,0.03302
1421,2019-11-22,0.0,4.21,-0.71,0.0380999999999999,0.0635,0.0584199999999999,0.02794,0.00508,0.0127,0.06858,0.0380999999999999,0.00508,0.03302
1422,2019-11-23,0.0,8.41,-2.35,0.0380999999999999,0.0635,0.0584199999999999,0.02794,0.00508,0.0127,0.06858,0.0380999999999999,0.00508,0.03302
1423,2019-11-24,0.0,7.84,-3.39,0.0380999999999999,0.0635,0.0584199999999999,0.02794,0.00508,0.0127,0.06858,0.0380999999999999,0.00508,0.03302
1424,2019-11-25,3.43,2.75,-3.94,0.0380999999999999,0.0635,0.0584199999999999,0.02794,0.00508,0.0127,0.06858,0.0380999999999999,0.00508,0.03302
1425,2019-11-26,0.0,-0.1,-9.68,0.0508,0.0838199999999999,0.0736599999999999,0.03302,0.0254,0.02032,0.0736599999999999,0.0431799999999999,0.0127,0.0380999999999999
1426,2019-11-27,22.09,1.02,-5.92,0.0508,0.0838199999999999,0.0761999999999999,0.03302,0.0254,0.02032,0.0736599999999999,0.0431799999999999,0.0127,0.0380999999999999
1427,2019-11-28,8.05,2.97,-1.06,0.05334,0.09906,0.08128,0.0355599999999999,0.05588,0.0254,0.0838199999999999,0.05334,0.0177799999999999,0.04572
1428,2019-11-29,4.29,3.46,-1.01,0.06604,0.1143,0.09398,0.04826,0.0736599999999999,0.04572,0.10922,0.0736599999999999,0.03302,0.0635
1429,2019-11-30,0.0,0.95,-5.76,0.0888999999999999,0.1397,0.1143,0.0711199999999999,0.0888999999999999,0.06604,0.13716,0.1016,0.0431799999999999,0.07874
1430,2019-12-01,0.0,0.6,-10.01,0.0888999999999999,0.1397,0.1143,0.0711199999999999,0.0888999999999999,0.0711199999999999,0.13716,0.1016,0.0431799999999999,0.07874
1431,2019-12-02,0.0,2.08,-4.99,0.0888999999999999,0.14478,0.1219199999999999,0.0736599999999999,0.0888999999999999,0.0711199999999999,0.13716,0.1016,0.0431799999999999,0.07874
1432,2019-12-03,0.0,3.65,-3.43,0.0838199999999999,0.14478,0.1219199999999999,0.0736599999999999,0.0888999999999999,0.0711199999999999,0.13716,0.1016,0.0431799999999999,0.07874
1433,2019-12-04,8.15,1.56,-4.02,0.0838199999999999,0.14478,0.1219199999999999,0.0736599999999999,0.0888999999999999,0.0711199999999999,0.13716,0.1016,0.0431799999999999,0.07874
1434,2019-12-05,0.0,2.24,-1.82,0.0838199999999999,0.1473199999999999,0.12446,0.0736599999999999,0.0888999999999999,0.0761999999999999,0.1473199999999999,0.1041399999999999,0.0431799999999999,0.08128
1435,2019-12-06,0.0,6.23,-1.84,0.08128,0.1473199999999999,0.127,0.0736599999999999,0.09144,0.07874,0.14986,0.10922,0.05334,0.0888999999999999
1436,2019-12-07,6.04,3.82,-2.98,0.08128,0.1473199999999999,0.127,0.0736599999999999,0.09144,0.07874,0.14986,0.10922,0.05334,0.0888999999999999
1437,2019-12-08,5.7,4.39,-2.28,0.08128,0.1473199999999999,0.127,0.0736599999999999,0.09144,0.07874,0.1523999999999999,0.10922,0.05334,0.0888999999999999
1438,2019-12-09,0.0,4.78,-0.88,0.09652,0.15748,0.13716,0.08128,0.1041399999999999,0.09144,0.17018,0.1168399999999999,0.0584199999999999,0.09398
1439,2019-12-10,0.0,5.73,-2.03,0.09652,0.15748,0.1397,0.08128,0.1041399999999999,0.09144,0.17018,0.1168399999999999,0.0584199999999999,0.09398
1440,2019-12-11,0.0,3.22,-3.7,0.09652,0.15748,0.1422399999999999,0.08128,0.1041399999999999,0.09144,0.17018,0.1168399999999999,0.0584199999999999,0.09398
1441,2019-12-12,19.12,4.8,-1.08,0.09652,0.15748,0.14478,0.08128,0.1041399999999999,0.09144,0.17018,0.1168399999999999,0.0584199999999999,0.09398
1442,2019-12-13,5.77,6.11,1.49,0.11938,0.1777999999999999,0.16256,0.09906,0.13462,0.1168399999999999,0.18796,0.1523999999999999,0.0761999999999999,0.11176
1443,2019-12-14,3.06,3.3,-2.73,0.127,0.18542,0.1676399999999999,0.1041399999999999,0.1473199999999999,0.12446,0.2057399999999999,0.1651,0.0838199999999999,0.1143
1444,2019-12-15,0.0,-1.08,-7.09,0.13716,0.2032,0.18288,0.1219199999999999,0.1651,0.14478,0.2158999999999999,0.18796,0.09398,0.12446
1445,2019-12-16,0.0,-0.23,-6.63,0.13716,0.2057399999999999,0.18542,0.1219199999999999,0.1651,0.14478,0.2158999999999999,0.18796,0.09398,0.12446
1446,2019-12-17,0.0,-0.96,-10.04,0.13716,0.2057399999999999,0.18542,0.1219199999999999,0.1651,0.14478,0.2158999999999999,0.18796,0.09398,0.12446
1447,2019-12-18,0.0,-0.04,-8.64,0.13716,0.2057399999999999,0.18796,0.12446,0.1651,0.14478,0.2158999999999999,0.18796,0.09398,0.12446
1448,2019-12-19,0.0,2.62,-7.26,0.13716,0.2057399999999999,0.18796,0.127,0.1651,0.14478,0.2158999999999999,0.18796,0.09398,0.12446
1449,2019-12-20,0.0,4.99,-4.99,0.13716,0.2057399999999999,0.18796,0.127,0.1651,0.14478,0.2158999999999999,0.18796,0.09398,0.12446
1450,2019-12-21,0.0,5.9,-2.14,0.13716,0.2057399999999999,0.18796,0.127,0.1651,0.14478,0.2158999999999999,0.18796,0.09398,0.12446
1451,2019-12-22,0.0,8.99,0.53,0.1422399999999999,0.2057399999999999,0.18796,0.127,0.1651,0.14478,0.2158999999999999,0.18796,0.09398,0.12446
1452,2019-12-23,0.0,8.81,1.89,0.1422399999999999,0.2057399999999999,0.18796,0.127,0.1651,0.14478,0.2158999999999999,0.18796,0.09398,0.12446
1453,2019-12-24,2.32,9.1,1.47,0.1422399999999999,0.2057399999999999,0.18796,0.12954,0.1651,0.14478,0.21844,0.18796,0.09652,0.12446
1454,2019-12-25,1.47,4.45,-0.02,0.14478,0.21082,0.1905,0.13462,0.17018,0.1473199999999999,0.22606,0.19304,0.09906,0.127
1455,2019-12-26,2.55,2.59,-2.37,0.14986,0.2158999999999999,0.19812,0.1397,0.1727199999999999,0.16002,0.2336799999999999,0.20066,0.1016,0.12954
1456,2019-12-27,0.0,0.17,-6.47,0.14986,0.2158999999999999,0.19812,0.1397,0.1727199999999999,0.16002,0.2336799999999999,0.20066,0.1016,0.12954
1457,2019-12-28,0.0,-0.78,-8.78,0.14986,0.2158999999999999,0.19812,0.1397,0.1727199999999999,0.16002,0.2336799999999999,0.20066,0.1016,0.12954
1458,2019-12-29,1.08,-3.24,-8.73,0.14986,0.2158999999999999,0.19812,0.1397,0.1727199999999999,0.16002,0.2336799999999999,0.20066,0.1016,0.12954
1459,2019-12-30,0.0,0.5,-6.16,0.14986,0.2158999999999999,0.19812,0.1422399999999999,0.17526,0.16256,0.23622,0.20066,0.1016,0.13208
1460,2019-12-31,4.33,-0.58,-6.88,0.14986,0.2158999999999999,0.20066,0.1473199999999999,0.17526,0.16256,0.23622,0.20066,0.1016,0.13208
1461,2020-01-01,6.26,2.93,-3.83,0.14986,0.22352,0.2057399999999999,0.14986,0.17526,0.16256,0.23622,0.2032,0.1016,0.13208
1462,2020-01-02,0.0,3.83,-1.84,0.1676399999999999,0.2311399999999999,0.21336,0.16256,0.19558,0.1803399999999999,0.2463799999999999,0.2158999999999999,0.1143,0.1473199999999999
1463,2020-01-03,0.0,7.82,-1.39,0.1676399999999999,0.2336799999999999,0.21336,0.16256,0.20066,0.18288,0.24892,0.21844,0.1143,0.14986
1464,2020-01-04,0.0,6.89,-2.98,0.1676399999999999,0.2336799999999999,0.21336,0.16256,0.20066,0.18288,0.24892,0.21844,0.1143,0.14986
1465,2020-01-05,0.0,2.44,-4.4,0.1676399999999999,0.2336799999999999,0.21336,0.16256,0.20066,0.18288,0.24892,0.21844,0.1143,0.14986
1466,2020-01-06,0.0,5.74,-3.29,0.1676399999999999,0.2336799999999999,0.21336,0.16256,0.2057399999999999,0.18288,0.254,0.22352,0.1168399999999999,0.14986
1467,2020-01-07,0.0,9.53,-0.99,0.1676399999999999,0.23622,0.21844,0.1651,0.2057399999999999,0.18288,0.254,0.22352,0.1168399999999999,0.14986
1468,2020-01-08,1.91,5.24,-0.37,0.1676399999999999,0.23622,0.21844,0.1651,0.2057399999999999,0.18288,0.254,0.22352,0.1168399999999999,0.14986
1469,2020-01-09,0.77,4.32,-1.99,0.1727199999999999,0.2413,0.2209799999999999,0.1676399999999999,0.21336,0.1905,0.25654,0.2286,0.11938,0.1523999999999999
1470,2020-01-10,0.0,1.4,-6.33,0.1727199999999999,0.2463799999999999,0.22606,0.17018,0.2209799999999999,0.19812,0.26416,0.2336799999999999,0.1219199999999999,0.15494
1471,2020-01-11,5.67,1.21,-5.13,0.1727199999999999,0.24892,0.22606,0.17018,0.2209799999999999,0.19812,0.26416,0.2336799999999999,0.1219199999999999,0.15494
1472,2020-01-12,1.29,1.87,-3.13,0.1905,0.25908,0.2336799999999999,0.1803399999999999,0.2286,0.21082,0.2794,0.2463799999999999,0.127,0.16002
1473,2020-01-13,1.25,3.48,-2.04,0.19558,0.26162,0.23622,0.18542,0.2336799999999999,0.21844,0.28956,0.25146,0.127,0.16256
1474,2020-01-14,0.55,3.87,-3.62,0.2032,0.27686,0.2463799999999999,0.19304,0.24892,0.22606,0.2946399999999999,0.25654,0.13208,0.17018
1475,2020-01-15,0.0,2.53,-6.87,0.2032,0.2794,0.24892,0.19558,0.25654,0.23622,0.2971799999999999,0.26162,0.13462,0.1727199999999999
1476,2020-01-16,0.0,7.79,-4.51,0.2032,0.2819399999999999,0.25146,0.19812,0.25654,0.23622,0.29972,0.26416,0.13462,0.1727199999999999
1477,2020-01-17,3.05,6.48,-5.6,0.2057399999999999,0.2844799999999999,0.25146,0.20066,0.25654,0.23622,0.29972,0.26416,0.13462,0.17526
1478,2020-01-18,0.0,4.16,-6.64,0.21336,0.2971799999999999,0.26162,0.21082,0.2717799999999999,0.25654,0.3175,0.2794,0.1422399999999999,0.18288
1479,2020-01-19,0.0,3.33,-5.53,0.21336,0.29972,0.26416,0.21082,0.2717799999999999,0.25654,0.3175,0.2794,0.1422399999999999,0.18288
1480,2020-01-20,0.0,4.38,-4.12,0.21844,0.29972,0.2667,0.21082,0.2717799999999999,0.25654,0.3175,0.2794,0.1422399999999999,0.18288
1481,2020-01-21,2.0,6.25,-1.96,0.21844,0.30226,0.26924,0.21336,0.2717799999999999,0.25654,0.3175,0.2794,0.1422399999999999,0.18288
1482,2020-01-22,1.98,5.49,0.27,0.2209799999999999,0.30734,0.2717799999999999,0.21844,0.27432,0.25654,0.32512,0.2819399999999999,0.1422399999999999,0.18542
1483,2020-01-23,0.0,7.77,0.6,0.22606,0.31242,0.27432,0.2209799999999999,0.2794,0.26416,0.3352799999999999,0.2920999999999999,0.1473199999999999,0.18796
1484,2020-01-24,5.53,3.74,-0.36,0.22606,0.31242,0.27432,0.2209799999999999,0.2819399999999999,0.2667,0.33782,0.2920999999999999,0.1473199999999999,0.18796
1485,2020-01-25,0.0,7.05,1.11,0.2286,0.3175,0.27432,0.22606,0.28702,0.2717799999999999,0.3429,0.2946399999999999,0.14986,0.1905
1486,2020-01-26,10.71,6.84,0.36,0.2286,0.3175,0.27432,0.22606,0.28702,0.2717799999999999,0.3429,0.2946399999999999,0.14986,0.1905
1487,2020-01-27,0.0,7.38,0.63,0.23622,0.32258,0.2794,0.2311399999999999,0.2920999999999999,0.2794,0.35052,0.30226,0.1523999999999999,0.19304
1488,2020-01-28,4.42,6.55,-0.22,0.24892,0.3302,0.2819399999999999,0.23876,0.2946399999999999,0.2844799999999999,0.3581399999999999,0.3047999999999999,0.15748,0.19558
1489,2020-01-29,2.75,5.1,-1.96,0.24892,0.3302,0.2819399999999999,0.23876,0.2971799999999999,0.2844799999999999,0.3581399999999999,0.3047999999999999,0.15748,0.19812
1490,2020-01-30,1.16,3.05,-2.08,0.24892,0.3302,0.2819399999999999,0.23876,0.29972,0.28702,0.3606799999999999,0.30734,0.15748,0.19812
1491,2020-01-31,0.0,4.83,-4.76,0.24892,0.3302,0.2819399999999999,0.23876,0.29972,0.28702,0.3606799999999999,0.30734,0.16002,0.19812
1492,2020-02-01,0.0,10.34,-0.79,0.25146,0.33274,0.2844799999999999,0.2413,0.29972,0.28702,0.36322,0.30734,0.16002,0.19812
1493,2020-02-02,4.42,10.2,-1.81,0.25146,0.33274,0.2844799999999999,0.2413,0.29972,0.28702,0.36322,0.30734,0.16002,0.19812
1494,2020-02-03,0.0,-2.08,-7.29,0.25146,0.33274,0.2844799999999999,0.2413,0.29972,0.28702,0.36322,0.30734,0.16002,0.19812
1495,2020-02-04,0.44,-2.16,-11.21,0.25654,0.33782,0.28702,0.2463799999999999,0.30734,0.29972,0.36576,0.31242,0.16256,0.20066
1496,2020-02-05,4.6,-2.8,-10.52,0.25654,0.33782,0.28702,0.2463799999999999,0.30734,0.29972,0.36576,0.31242,0.16256,0.20066
1497,2020-02-06,6.17,4.48,-5.31,0.25908,0.3429,0.2946399999999999,0.2463799999999999,0.30988,0.30226,0.3682999999999999,0.31496,0.1651,0.20066
1498,2020-02-07,0.88,7.13,0.85,0.2819399999999999,0.36576,0.30734,0.2667,0.33782,0.3429,0.39624,0.3479799999999999,0.1676399999999999,0.21844
1499,2020-02-08,0.0,9.02,-0.07,0.30226,0.37846,0.3175,0.2819399999999999,0.3581399999999999,0.381,0.4114799999999999,0.38354,0.1676399999999999,0.2286
1500,2020-02-09,0.0,5.9,-4.39,0.30226,0.37846,0.3175,0.2819399999999999,0.3606799999999999,0.381,0.4114799999999999,0.38354,0.17526,0.2286
1501,2020-02-10,0.0,2.61,-6.62,0.30226,0.37846,0.3175,0.2819399999999999,0.3606799999999999,0.381,0.4114799999999999,0.38354,0.17526,0.2286
1502,2020-02-11,0.0,3.34,-7.42,0.30226,0.37846,0.3175,0.2819399999999999,0.3606799999999999,0.381,0.41402,0.38354,0.17526,0.2286
1503,2020-02-12,0.0,5.76,-3.83,0.30226,0.381,0.32004,0.2819399999999999,0.3606799999999999,0.381,0.4165599999999999,0.38608,0.17526,0.2286
1504,2020-02-13,0.0,7.36,-2.84,0.30226,0.381,0.32004,0.2844799999999999,0.3606799999999999,0.381,0.4165599999999999,0.38608,0.17526,0.2286
1505,2020-02-14,0.0,10.59,-3.51,0.30226,0.381,0.32004,0.2844799999999999,0.3606799999999999,0.381,0.4165599999999999,0.38608,0.17526,0.2286
1506,2020-02-15,0.0,5.59,-3.97,0.3047999999999999,0.381,0.32004,0.2844799999999999,0.3606799999999999,0.381,0.4165599999999999,0.38608,0.17526,0.2286
1507,2020-02-16,7.17,5.0,-0.24,0.3047999999999999,0.381,0.32004,0.2844799999999999,0.36322,0.381,0.4165599999999999,0.38608,0.17526,0.2286
1508,2020-02-17,0.0,4.49,-4.4,0.31242,0.40132,0.33274,0.30226,0.38354,0.39624,0.43688,0.40386,0.1803399999999999,0.2413
1509,2020-02-18,0.0,2.55,-7.83,0.31242,0.40386,0.3352799999999999,0.30226,0.38354,0.39624,0.43688,0.40386,0.1803399999999999,0.2413
1510,2020-02-19,0.0,2.42,-9.25,0.31242,0.40386,0.3352799999999999,0.30226,0.38354,0.39624,0.43688,0.40386,0.1803399999999999,0.2413
1511,2020-02-20,0.0,2.47,-10.19,0.31242,0.40386,0.3352799999999999,0.30226,0.38354,0.39624,0.43688,0.40386,0.1803399999999999,0.2413
1512,2020-02-21,0.0,6.15,-6.66,0.3175,0.40386,0.33782,0.30226,0.38354,0.39624,0.43942,0.40386,0.1803399999999999,0.2413
1513,2020-02-22,0.0,8.92,-3.31,0.3175,0.40386,0.33782,0.30226,0.38354,0.39624,0.43942,0.4064,0.1803399999999999,0.2413
1514,2020-02-23,0.0,10.06,-3.02,0.3175,0.40386,0.33782,0.30226,0.38354,0.39624,0.43942,0.4064,0.1803399999999999,0.2413
1515,2020-02-24,0.0,6.79,-3.05,0.32004,0.40386,0.33782,0.30226,0.38354,0.39624,0.43942,0.4064,0.1803399999999999,0.2413
1516,2020-02-25,0.0,4.54,-6.31,0.32004,0.40386,0.33782,0.30226,0.39116,0.3987799999999999,0.4419599999999999,0.4064,0.18288,0.2413
1517,2020-02-26,0.0,7.7,-6.5,0.32004,0.40386,0.33782,0.30226,0.3937,0.3987799999999999,0.4419599999999999,0.4064,0.18288,0.2413
1518,2020-02-27,0.0,11.0,-3.51,0.32766,0.40386,0.33782,0.3047999999999999,0.3937,0.3987799999999999,0.4419599999999999,0.4064,0.18288,0.2413
1519,2020-02-28,0.0,14.14,-1.57,0.32766,0.40894,0.33782,0.3047999999999999,0.3937,0.3987799999999999,0.4419599999999999,0.4064,0.18288,0.2413
1520,2020-02-29,0.0,14.27,1.18,0.32766,0.40894,0.33782,0.3047999999999999,0.3937,0.3987799999999999,0.4419599999999999,0.4064,0.18288,0.2413
1521,2020-03-01,1.62,4.78,-0.94,0.32766,0.40894,0.33782,0.3047999999999999,0.3937,0.3987799999999999,0.4419599999999999,0.4064,0.18288,0.2413
1522,2020-03-02,0.0,5.91,-4.85,0.33274,0.4165599999999999,0.3479799999999999,0.31242,0.3987799999999999,0.40894,0.45212,0.41402,0.18796,0.2463799999999999
1523,2020-03-03,0.0,9.0,-1.38,0.33274,0.4165599999999999,0.3479799999999999,0.31242,0.3987799999999999,0.40894,0.45212,0.41402,0.18796,0.2463799999999999
1524,2020-03-04,0.0,13.86,-0.77,0.33274,0.4191,0.3479799999999999,0.31242,0.3987799999999999,0.40894,0.45212,0.41402,0.18796,0.2463799999999999
1525,2020-03-05,0.0,18.15,1.77,0.33274,0.4241799999999999,0.3479799999999999,0.31242,0.3987799999999999,0.40894,0.45212,0.41402,0.18288,0.2463799999999999
1526,2020-03-06,0.0,19.39,4.53,0.33274,0.4241799999999999,0.3479799999999999,0.31242,0.3987799999999999,0.40894,0.45212,0.41402,0.1777999999999999,0.2463799999999999
1527,2020-03-07,4.32,17.81,7.21,0.33274,0.42672,0.3479799999999999,0.3175,0.3987799999999999,0.40894,0.45212,0.4114799999999999,0.1727199999999999,0.2463799999999999
1528,2020-03-08,2.69,12.66,3.96,0.3352799999999999,0.42672,0.35306,0.3175,0.3987799999999999,0.40894,0.45212,0.40132,0.1676399999999999,0.2463799999999999
1529,2020-03-09,0.0,12.77,3.41,0.35052,0.4419599999999999,0.36322,0.3352799999999999,0.41402,0.4191,0.47244,0.40894,0.15748,0.24892
1530,2020-03-10,0.0,13.5,4.05,0.35052,0.4445,0.36322,0.33782,0.41402,0.4191,0.47752,0.4064,0.15494,0.24892
1531,2020-03-11,0.0,14.73,2.06,0.35052,0.44704,0.36322,0.34036,0.41402,0.4191,0.4826,0.4064,0.14986,0.25654
1532,2020-03-12,0.0,13.4,2.96,0.35052,0.44704,0.36576,0.34036,0.41402,0.4191,0.4826,0.4064,0.1422399999999999,0.25654
1533,2020-03-13,0.0,12.13,-0.09,0.3555999999999999,0.44704,0.36576,0.34036,0.41402,0.4191,0.4876799999999999,0.4064,0.13462,0.25654
1534,2020-03-14,0.0,15.51,4.16,0.3581399999999999,0.44958,0.3682999999999999,0.3454399999999999,0.4114799999999999,0.41402,0.4952999999999999,0.40386,0.13716,0.25908
1535,2020-03-15,0.0,16.93,8.37,0.3581399999999999,0.44958,0.3682999999999999,0.3429,0.3987799999999999,0.40386,0.5054599999999999,0.40132,0.11176,0.25146
1536,2020-03-16,0.0,15.68,5.71,0.3555999999999999,0.44958,0.3682999999999999,0.33782,0.381,0.39116,0.5054599999999999,0.3987799999999999,0.09398,0.24892
1537,2020-03-17,5.16,17.46,4.84,0.3555999999999999,0.44958,0.3682999999999999,0.33274,0.381,0.38608,0.5054599999999999,0.39116,0.0888999999999999,0.24892
1538,2020-03-18,3.92,10.79,3.05,0.3555999999999999,0.44958,0.3682999999999999,0.32512,0.36322,0.37846,0.5054599999999999,0.38608,0.0635,0.2438399999999999
1539,2020-03-19,0.59,9.09,3.32,0.36576,0.4572,0.37084,0.3302,0.37084,0.38862,0.51816,0.3987799999999999,0.06604,0.25146
1540,2020-03-20,1.39,9.02,2.25,0.36576,0.45974,0.37338,0.3302,0.381,0.39624,0.52832,0.40894,0.06858,0.25654
1541,2020-03-21,0.0,11.66,1.3,0.37338,0.4673599999999999,0.37846,0.3302,0.38354,0.40132,0.53594,0.4114799999999999,0.06858,0.25654
1542,2020-03-22,0.0,12.81,2.95,0.37338,0.4699,0.381,0.33274,0.38862,0.4064,0.53594,0.4114799999999999,0.05334,0.26162
1543,2020-03-23,0.97,13.78,3.59,0.37338,0.47244,0.381,0.33274,0.3987799999999999,0.4064,0.53594,0.4114799999999999,0.04064,0.2667
1544,2020-03-24,13.3,11.49,2.65,0.37338,0.47752,0.38608,0.3302,0.40132,0.4064,0.53848,0.4191,0.0304799999999999,0.2667
1545,2020-03-25,8.47,7.16,0.78,0.381,0.48514,0.39116,0.33274,0.43688,0.4064,0.5461,0.4317999999999999,0.0304799999999999,0.28702
1546,2020-03-26,0.0,6.92,-0.47,0.39624,0.5003799999999999,0.40894,0.34036,0.4572,0.4241799999999999,0.5613400000000001,0.45212,0.0355599999999999,0.30226
1547,2020-03-27,1.03,7.31,-2.91,0.39624,0.51054,0.4191,0.3454399999999999,0.46482,0.43434,0.5715,0.45974,0.03302,0.3047999999999999
1548,2020-03-28,0.75,9.25,-0.43,0.39624,0.51054,0.4191,0.3454399999999999,0.46482,0.43434,0.57404,0.45974,0.0254,0.3047999999999999
1549,2020-03-29,1.16,12.09,1.17,0.40894,0.51562,0.4191,0.3479799999999999,0.4699,0.4445,0.5841999999999999,0.4673599999999999,0.02032,0.3047999999999999
1550,2020-03-30,1.93,13.61,3.19,0.4114799999999999,0.52324,0.4241799999999999,0.35306,0.4749799999999999,0.44704,0.58674,0.47244,0.02032,0.31242
1551,2020-03-31,0.0,17.71,6.55,0.4165599999999999,0.52832,0.4292599999999999,0.35306,0.47752,0.44958,0.5892799999999999,0.47752,0.0127,0.31496
1552,2020-04-01,0.25,12.59,1.84,0.4165599999999999,0.52832,0.4292599999999999,0.35306,0.48514,0.43688,0.5892799999999999,0.47244,0.0076199999999999,0.30734
1553,2020-04-02,0.0,6.91,-1.59,0.4191,0.5308599999999999,0.43688,0.35306,0.48514,0.43688,0.5943599999999999,0.46482,0.0,0.3047999999999999
1554,2020-04-03,0.0,10.36,-2.58,0.4191,0.5308599999999999,0.43688,0.35306,0.48514,0.43688,0.5943599999999999,0.4673599999999999,0.0,0.30988
1555,2020-04-04,0.0,14.86,-0.98,0.4191,0.5334,0.43688,0.35306,0.48514,0.4317999999999999,0.5943599999999999,0.4673599999999999,0.0,0.30988
1556,2020-04-05,0.0,18.63,5.3,0.40894,0.53594,0.43942,0.35052,0.48514,0.4241799999999999,0.5943599999999999,0.46482,0.0,0.30734
1557,2020-04-06,0.66,15.62,8.44,0.40386,0.53594,0.43942,0.35052,0.48514,0.42164,0.60452,0.45212,0.0,0.3047999999999999
1558,2020-04-07,0.0,18.35,6.7,0.40132,0.53594,0.43942,0.3429,0.48514,0.41402,0.6095999999999999,0.43942,0.0,0.29972
1559,2020-04-08,0.0,20.53,5.51,0.38608,0.53594,0.4317999999999999,0.32512,0.4800599999999999,0.40894,0.6095999999999999,0.4241799999999999,0.0,0.28956
1560,2020-04-09,0.0,20.0,6.44,0.36576,0.52832,0.4241799999999999,0.30988,0.45212,0.3987799999999999,0.6095999999999999,0.4064,0.0,0.27686
1561,2020-04-10,0.0,17.26,4.29,0.35052,0.5206999999999999,0.4191,0.29972,0.4292599999999999,0.38608,0.60198,0.39116,0.0,0.25908
1562,2020-04-11,0.0,17.6,5.39,0.3352799999999999,0.51816,0.4114799999999999,0.2844799999999999,0.4064,0.3606799999999999,0.59944,0.37338,0.0,0.25146
1563,2020-04-12,0.0,9.98,2.41,0.32512,0.52324,0.40894,0.2794,0.4064,0.34036,0.5969,0.3606799999999999,0.0,0.2438399999999999
1564,2020-04-13,0.0,8.33,-2.21,0.3175,0.52324,0.40894,0.2794,0.4064,0.3429,0.60452,0.3581399999999999,0.0,0.2413
1565,2020-04-14,0.0,10.45,-1.84,0.3175,0.52324,0.40894,0.2844799999999999,0.4064,0.3429,0.60452,0.3555999999999999,0.0,0.2413
1566,2020-04-15,6.28,9.34,2.31,0.30988,0.5334,0.40894,0.2844799999999999,0.4064,0.34036,0.60198,0.35052,0.0,0.23622
1567,2020-04-16,0.52,9.34,0.92,0.32766,0.5435599999999999,0.4292599999999999,0.2946399999999999,0.4191,0.35052,0.6095999999999999,0.3682999999999999,0.0076199999999999,0.23622
1568,2020-04-17,0.0,12.77,-0.94,0.33274,0.55372,0.43434,0.29972,0.42164,0.3606799999999999,0.61722,0.37084,0.00508,0.23622
1569,2020-04-18,0.0,17.12,1.68,0.33274,0.55626,0.43688,0.29972,0.4191,0.36576,0.6223,0.37084,0.0,0.23622
1570,2020-04-19,0.0,16.73,4.46,0.33274,0.55626,0.43688,0.2971799999999999,0.4165599999999999,0.3581399999999999,0.6223,0.3682999999999999,0.0,0.23622
1571,2020-04-20,0.0,19.05,4.61,0.33274,0.55626,0.4317999999999999,0.2920999999999999,0.39624,0.3479799999999999,0.6223,0.3606799999999999,0.0,0.2209799999999999
1572,2020-04-21,0.0,21.56,5.0,0.31242,0.55372,0.42164,0.27686,0.37846,0.33274,0.6223,0.3429,0.0,0.2057399999999999
1573,2020-04-22,0.73,19.96,6.85,0.2946399999999999,0.55118,0.40894,0.2717799999999999,0.35306,0.31242,0.61722,0.31496,0.0,0.18796
1574,2020-04-23,1.46,17.87,7.75,0.2819399999999999,0.53848,0.38862,0.25146,0.33274,0.2819399999999999,0.61214,0.2819399999999999,0.0,0.16256
1575,2020-04-24,0.0,16.34,4.04,0.2717799999999999,0.54102,0.38608,0.2463799999999999,0.3454399999999999,0.2717799999999999,0.61468,0.26924,0.0,0.14986
1576,2020-04-25,0.0,21.32,5.63,0.25908,0.53594,0.37338,0.2286,0.32766,0.2463799999999999,0.61214,0.24892,0.0,0.13462
1577,2020-04-26,0.0,23.86,10.19,0.2286,0.5206999999999999,0.3555999999999999,0.2082799999999999,0.2971799999999999,0.21844,0.5969,0.21082,0.0,0.10922
1578,2020-04-27,0.0,24.45,9.72,0.2057399999999999,0.5003799999999999,0.33782,0.18288,0.26924,0.1803399999999999,0.5715,0.16256,0.0,0.07874
1579,2020-04-28,0.0,22.54,10.3,0.17526,0.4800599999999999,0.31496,0.16256,0.2438399999999999,0.14478,0.55118,0.12954,0.0,0.04826
1580,2020-04-29,0.0,28.01,9.63,0.1523999999999999,0.4622799999999999,0.2946399999999999,0.13462,0.2158999999999999,0.11176,0.5308599999999999,0.09398,0.0,0.02032
1581,2020-04-30,0.0,26.84,12.96,0.127,0.43688,0.26924,0.1041399999999999,0.1777999999999999,0.0711199999999999,0.50292,0.0508,0.0,0.0
1582,2020-05-01,0.56,20.36,11.71,0.09906,0.4165599999999999,0.24892,0.06604,0.14478,0.0177799999999999,0.44958,0.02286,0.0,0.0
1583,2020-05-02,0.0,23.66,9.28,0.06858,0.39624,0.23622,0.0431799999999999,0.1422399999999999,0.0076199999999999,0.44958,0.02032,0.0,0.0
1584,2020-05-03,0.0,21.06,12.56,0.0508,0.381,0.2209799999999999,0.02032,0.1168399999999999,0.0,0.43688,0.01016,0.0,0.0
1585,2020-05-04,0.0,17.88,5.68,0.0,0.3682999999999999,0.21082,0.0,0.1016,0.0,0.41402,0.0,0.0,0.0
1586,2020-05-05,0.0,23.77,4.72,0.0,0.36322,0.19812,0.0,0.07874,0.0,0.3937,0.0,0.0,0.0
1587,2020-05-06,0.0,25.72,8.26,0.0,0.3454399999999999,0.17526,0.0,0.04572,0.0,0.37846,0.0,0.0,0.0
1588,2020-05-07,0.0,17.16,4.27,0.0,0.33782,0.1473199999999999,0.0,0.02032,0.0,0.3606799999999999,0.0,0.0,0.0
1589,2020-05-08,0.0,21.13,3.79,0.0,0.31496,0.13208,0.0,0.0076199999999999,0.0,0.34036,0.0,0.0,0.0
1590,2020-05-09,0.0,24.5,7.36,0.0,0.29972,0.10922,0.0,0.0,0.0,0.32512,0.0,0.0,0.0
1591,2020-05-10,0.0,28.28,7.43,0.0,0.28702,0.0838199999999999,0.0,0.0,0.0,0.3047999999999999,0.0,0.0,0.0
1592,2020-05-11,0.0,28.32,15.05,0.0,0.25654,0.0584199999999999,0.0,0.0,0.0,0.28956,0.0,0.0,0.0
1593,2020-05-12,0.0,24.16,13.74,0.0,0.23622,0.0254,0.0,0.0,0.0,0.254,0.0,0.0,0.0
1594,2020-05-13,0.0,18.93,10.36,0.0,0.21082,0.01016,0.0,0.0,0.0,0.2286,0.0,0.0,0.0
1595,2020-05-14,0.0,18.76,9.3,0.0,0.2032,0.0,0.0,0.0,0.0,0.21844,0.0,0.0,0.0
1596,2020-05-15,0.0,20.09,10.29,0.0,0.18542,0.0,0.0,0.0,0.0,0.2057399999999999,0.0,0.0,0.0
1597,2020-05-16,0.0,21.67,6.39,0.0,0.1727199999999999,0.0,0.0,0.0,0.0,0.19304,0.0,0.0,0.0
1598,2020-05-17,0.0,30.57,10.41,0.0,0.14986,0.0,0.0,0.0,0.0,0.1727199999999999,0.0,0.0,0.0
1599,2020-05-18,0.0,30.05,17.98,0.0,0.1168399999999999,0.0,0.0,0.0,0.0,0.14478,0.0,0.0,0.0
1600,2020-05-19,0.23,26.62,10.52,0.0,0.0761999999999999,0.0,0.0,0.0,0.0,0.1016,0.0,0.0,0.0
1601,2020-05-20,3.71,17.06,8.48,0.0,0.0355599999999999,0.0,0.0,0.0,0.0,0.0736599999999999,0.0,0.0,0.0
1602,2020-05-21,0.0,19.72,8.44,0.0,0.0177799999999999,0.0,0.0,0.0,0.0,0.0635,0.0,0.0,0.0
1603,2020-05-22,9.67,19.36,7.94,0.0,0.0,0.0,0.0,0.0,0.0,0.0431799999999999,0.0,0.0,0.0
1604,2020-05-23,0.0,13.71,1.87,0.0,0.0,0.0,0.0,0.0,0.00254,0.02794,0.0,0.0,0.0
1605,2020-05-24,0.0,17.39,4.32,0.0,0.0,0.0,0.0,0.00254,0.0,0.0127,0.0,0.0,0.0
1606,2020-05-25,0.0,21.36,5.53,0.0,0.0,0.0,0.0,0.00254,0.0,0.01016,0.0,0.0,0.0
1607,2020-05-26,0.0,26.91,9.87,0.0,0.0,0.0,0.0,0.0,0.0,0.0,0.0,0.0,0.0
1608,2020-05-27,0.0,27.76,13.73,0.0,0.0,0.0,0.0,0.0,0.0,0.0,0.0,0.0,0.0
1609,2020-05-28,0.0,30.7,13.85,0.0,0.0,0.0,0.0,0.0,0.0,0.0,0.0,0.0,0.0
1610,2020-05-29,0.0,34.72,15.67,0.0,0.0,0.0,0.0,0.0,0.0,0.0,0.0,0.0,0.0
1611,2020-05-30,0.0,35.84,20.75,0.0,0.0,0.0,0.0,0.0,0.0,0.0,0.0,0.0,0.0
1612,2020-05-31,0.0,32.41,20.21,0.0,0.0,0.0,0.0,0.0,0.0,0.0,0.0,0.0,0.0
1613,2020-06-01,0.0,32.55,18.35,0.0,0.0,0.0,0.0,0.0,0.0,0.0,0.0,0.0,0.0
1614,2020-06-02,0.0,30.47,15.13,0.0,0.0,0.0,0.0,0.0,0.0,0.0,0.0,0.0,0.0
1615,2020-06-03,0.0,32.02,15.57,0.0,0.0,0.0,0.0,0.0,0.0,0.0,0.0,0.0,0.0
1616,2020-06-04,0.0,31.55,16.32,0.0,0.0,0.0,0.0,0.0,0.0,0.0,0.0,0.0,0.0
1617,2020-06-05,0.0,35.51,16.64,0.0,0.0,0.0,0.0,0.0,0.0,0.0,0.0,0.0,0.0
1618,2020-06-06,8.81,26.54,13.79,0.0,0.0,0.0,0.0,0.0,0.0,0.0,0.0,0.0,0.0
1619,2020-06-07,8.43,15.14,8.08,0.0,0.0,0.0,0.0,0.0,0.0,0.0,0.0,0.0,0.0
1620,2020-06-08,1.71,14.2,5.36,0.0,0.0177799999999999,0.0127,0.0,0.0,0.00508,0.0,0.0,0.0,0.0
1621,2020-06-09,0.0,21.42,4.77,0.0,0.02286,0.01016,0.0,0.0,0.00508,0.00254,0.0,0.0,0.0
1622,2020-06-10,0.0,26.34,9.44,0.0,0.0,0.0,0.0,0.0,0.0,0.0,0.0,0.0,0.0
1623,2020-06-11,0.0,31.92,12.38,0.0,0.0,0.0,0.0,0.0,0.0,0.0,0.0,0.0,0.0
1624,2020-06-12,0.0,34.67,17.56,0.0,0.0,0.0,0.0,0.0,0.0,0.0,0.0,0.0,0.0
1625,2020-06-13,0.0,28.27,15.02,0.0,0.0,0.0,0.0,0.0,0.0,0.0,0.0,0.0,0.0
1626,2020-06-14,0.0,24.46,10.19,0.0,0.0,0.0,0.0,0.0,0.0,0.0,0.0,0.0,0.0
1627,2020-06-15,0.0,27.78,10.95,0.0,0.0,0.0,0.0,0.0,0.0,0.0,0.0,0.0,0.0
1628,2020-06-16,15.09,21.34,11.07,0.0,0.0,0.0,0.0,0.0,0.0,0.0,0.0,0.0,0.0
1629,2020-06-17,7.67,18.46,7.18,0.0,0.0,0.0,0.0,0.0,0.0,0.0,0.00508,0.0,0.0
1630,2020-06-18,0.0,20.97,8.07,0.0,0.0,0.0,0.0,0.0,0.0,0.0,0.0,0.0,0.0
1631,2020-06-19,0.0,25.07,10.63,0.0,0.0,0.0,0.0,0.0,0.0,0.0,0.0,0.0,0.0
1632,2020-06-20,0.0,28.22,12.09,0.0,0.0,0.0,0.0,0.0,0.0,0.0,0.0,0.0,0.0
1633,2020-06-21,0.0,30.13,14.33,0.0,0.0,0.0,0.0,0.0,0.0,0.0,0.0,0.0,0.0
1634,2020-06-22,0.0,29.62,13.3,0.0,0.0,0.0,0.0,0.0,0.0,0.0,0.0,0.0,0.0
1635,2020-06-23,0.0,31.93,14.8,0.0,0.0,0.0,0.0,0.0,0.0,0.0,0.0,0.0,0.0
1636,2020-06-24,0.0,34.01,16.65,0.0,0.0,0.0,0.0,0.0,0.0,0.0,0.0,0.0,0.0
1637,2020-06-25,0.0,30.93,19.33,0.0,0.0,0.0,0.0,0.0,0.0,0.0,0.0,0.0,0.0
1638,2020-06-26,0.0,32.35,16.64,0.0,0.0,0.0,0.0,0.0,0.0,0.0,0.0,0.0,0.0
1639,2020-06-27,0.0,32.7,16.07,0.0,0.0,0.0,0.0,0.0,0.0,0.0,0.0,0.0,0.0
1640,2020-06-28,7.53,31.61,11.47,0.0,0.0,0.0,0.0,0.0,0.0,0.0,0.0,0.0,0.0
1641,2020-06-29,10.42,17.62,7.16,0.0,0.0,0.0,0.0,0.0,0.0,0.0,0.0,0.0,0.0
1642,2020-06-30,3.29,21.08,9.15,0.0,0.0,0.0,0.0,0.0,0.0,0.0,0.0,0.0,0.0
1643,2020-07-01,0.0,29.62,10.8,0.0,0.0,0.0,0.0,0.0,0.0,0.0,0.0,0.0,0.0
1644,2020-07-02,0.0,31.43,14.57,0.0,0.0,0.0,0.0,0.0,0.0,0.0,0.0,0.0,0.0
1645,2020-07-03,0.0,33.52,16.26,0.0,0.0,0.0,0.0,0.0,0.0,0.0,0.0,0.0,0.0
1646,2020-07-04,0.0,34.48,17.79,0.0,0.0,0.0,0.0,0.0,0.0,0.0,0.0,0.0,0.0
1647,2020-07-05,0.0,33.87,16.36,0.0,0.0,0.0,0.0,0.0,0.0,0.0,0.0,0.0,0.0
1648,2020-07-06,0.0,35.13,16.27,0.0,0.0,0.0,0.0,0.0,0.0,0.0,0.0,0.0,0.0
1649,2020-07-07,0.0,33.16,17.44,0.0,0.0,0.0,0.0,0.0,0.0,0.0,0.0,0.0,0.0
1650,2020-07-08,0.0,31.42,14.34,0.0,0.0,0.0,0.0,0.0,0.0,0.0,0.0,0.0,0.0
1651,2020-07-09,0.0,33.72,15.01,0.0,0.0,0.0,0.0,0.0,0.0,0.0,0.0,0.0,0.0
1652,2020-07-10,0.0,34.46,17.31,0.0,0.0,0.0,0.0,0.0,0.0,0.0,0.0,0.0,0.0
1653,2020-07-11,0.0,36.07,16.84,0.0,0.0,0.0,0.0,0.0,0.0,0.0,0.0,0.0,0.0
1654,2020-07-12,0.0,36.05,18.9,0.0,0.0,0.0,0.0,0.0,0.0,0.0,0.0,0.0,0.0
1655,2020-07-13,0.0,32.77,18.79,0.0,0.0,0.0,0.0,0.0,0.0,0.0,0.0,0.0,0.0
1656,2020-07-14,0.0,30.98,15.53,0.0,0.0,0.0,0.0,0.0,0.0,0.0,0.0,0.0,0.0
1657,2020-07-15,0.0,32.56,14.8,0.0,0.0,0.0,0.0,0.0,0.0,0.0,0.0,0.0,0.0
1658,2020-07-16,0.0,34.83,15.18,0.0,0.0,0.0,0.0,0.0,0.0,0.0,0.0,0.0,0.0
1659,2020-07-17,0.0,37.74,19.46,0.0,0.0,0.0,0.0,0.0,0.0,0.0,0.0,0.0,0.0
1660,2020-07-18,0.0,35.11,18.35,0.0,0.0,0.0,0.0,0.0,0.0,0.0,0.0,0.0,0.0
1661,2020-07-19,0.0,34.77,17.8,0.0,0.0,0.0,0.0,0.0,0.0,0.0,0.0,0.0,0.0
1662,2020-07-20,0.0,34.35,16.9,0.0,0.0,0.0,0.0,0.0,0.0,0.0,0.0,0.0,0.0
1663,2020-07-21,0.0,35.38,17.65,0.0,0.0,0.0,0.0,0.0,0.0,0.0,0.0,0.0,0.0
1664,2020-07-22,0.0,28.43,19.09,0.0,0.0,0.0,0.0,0.0,0.0,0.0,0.0,0.0,0.0
1665,2020-07-23,0.0,33.65,16.47,0.0,0.0,0.0,0.0,0.0,0.0,0.0,0.0,0.0,0.0
1666,2020-07-24,0.0,32.31,17.25,0.0,0.0,0.0,0.0,0.0,0.0,0.0,0.0,0.0,0.0
1667,2020-07-25,0.0,34.35,17.9,0.0,0.0,0.0,0.0,0.0,0.0,0.0,0.0,0.0,0.0
1668,2020-07-26,0.0,35.19,18.58,0.0,0.0,0.0,0.0,0.0,0.0,0.0,0.0,0.0,0.0
1669,2020-07-27,0.0,36.48,19.55,0.0,0.0,0.0,0.0,0.0,0.0,0.0,0.0,0.0,0.0
1670,2020-07-28,0.0,32.97,19.5,0.0,0.0,0.0,0.0,0.0,0.0,0.0,0.0,0.0,0.0
1671,2020-07-29,0.0,33.3,15.44,0.0,0.0,0.0,0.0,0.0,0.0,0.0,0.0,0.0,0.0
1672,2020-07-30,0.0,37.68,17.73,0.0,0.0,0.0,0.0,0.0,0.0,0.0,0.0,0.0,0.0
1673,2020-07-31,0.0,39.29,23.19,0.0,0.0,0.0,0.0,0.0,0.0,0.0,0.0,0.0,0.0
1674,2020-08-01,0.0,38.72,21.61,0.0,0.0,0.0,0.0,0.0,0.0,0.0,0.0,0.0,0.0
1675,2020-08-02,0.0,38.98,22.69,0.0,0.0,0.0,0.0,0.0,0.0,0.0,0.0,0.0,0.0
1676,2020-08-03,0.0,36.49,21.14,0.0,0.0,0.0,0.0,0.0,0.0,0.0,0.0,0.0,0.0
1677,2020-08-04,0.0,34.94,18.96,0.0,0.0,0.0,0.0,0.0,0.0,0.0,0.0,0.0,0.0
1678,2020-08-05,0.0,36.75,18.45,0.0,0.0,0.0,0.0,0.0,0.0,0.0,0.0,0.0,0.0
1679,2020-08-06,0.0,35.98,21.07,0.0,0.0,0.0,0.0,0.0,0.0,0.0,0.0,0.0,0.0
1680,2020-08-07,0.0,33.15,18.36,0.0,0.0,0.0,0.0,0.0,0.0,0.0,0.0,0.0,0.0
1681,2020-08-08,0.0,34.13,17.29,0.0,0.0,0.0,0.0,0.0,0.0,0.0,0.0,0.0,0.0
1682,2020-08-09,0.0,34.48,16.59,0.0,0.0,0.0,0.0,0.0,0.0,0.0,0.0,0.0,0.0
1683,2020-08-10,0.0,34.46,16.72,0.0,0.0,0.0,0.0,0.0,0.0,0.0,0.0,0.0,0.0
1684,2020-08-11,0.0,34.85,18.21,0.0,0.0,0.0,0.0,0.0,0.0,0.0,0.0,0.0,0.0
1685,2020-08-12,0.0,33.43,18.65,0.0,0.0,0.0,0.0,0.0,0.0,0.0,0.0,0.0,0.0
1686,2020-08-13,0.0,34.21,17.79,0.0,0.0,0.0,0.0,0.0,0.0,0.0,0.0,0.0,0.0
1687,2020-08-14,0.0,33.07,15.9,0.0,0.0,0.0,0.0,0.0,0.0,0.0,0.0,0.0,0.0
1688,2020-08-15,0.0,35.59,16.85,0.0,0.0,0.0,0.0,0.0,0.0,0.0,0.0,0.0,0.0
1689,2020-08-16,0.0,36.15,17.94,0.0,0.0,0.0,0.0,0.0,0.0,0.0,0.0,0.0,0.0
1690,2020-08-17,0.0,38.1,19.25,0.0,0.0,0.0,0.0,0.0,0.0,0.0,0.0,0.0,0.0
1691,2020-08-18,0.0,38.35,20.6,0.0,0.0,0.0,0.0,0.0,0.0,0.0,0.0,0.0,0.0
1692,2020-08-19,0.0,37.56,22.56,0.0,0.0,0.0,0.0,0.0,0.0,0.0,0.0,0.0,0.0
1693,2020-08-20,0.0,36.01,23.04,0.0,0.0,0.0,0.0,0.0,0.0,0.0,0.0,0.0,0.0
1694,2020-08-21,0.0,35.22,18.31,0.0,0.0,0.0,0.0,0.0,0.0,0.0,0.0,0.0,0.0
1695,2020-08-22,0.0,36.56,19.12,0.0,0.0,0.0,0.0,0.0,0.0,0.0,0.0,0.0,0.0
1696,2020-08-23,0.0,35.41,20.33,0.0,0.0,0.0,0.0,0.0,0.0,0.0,0.0,0.0,0.0
1697,2020-08-24,0.51,36.0,20.16,0.0,0.0,0.0,0.0,0.0,0.0,0.0,0.0,0.0,0.0
1698,2020-08-25,0.0,35.87,21.19,0.0,0.0,0.0,0.0,0.0,0.0,0.0,0.0,0.0,0.0
1699,2020-08-26,0.0,35.53,20.79,0.0,0.0,0.0,0.0,0.0,0.0,0.0,0.0,0.0,0.0
1700,2020-08-27,0.0,35.13,20.42,0.0,0.0,0.0,0.0,0.0,0.0,0.0,0.0,0.0,0.0
1701,2020-08-28,0.6,33.56,17.19,0.0,0.0,0.0,0.0,0.0,0.0,0.0,0.0,0.0,0.0
1702,2020-08-29,0.0,33.16,19.74,0.0,0.0,0.0,0.0,0.0,0.0,0.0,0.0,0.0,0.0
1703,2020-08-30,0.0,30.96,15.68,0.0,0.0,0.0,0.0,0.0,0.0,0.0,0.0,0.0,0.0
1704,2020-08-31,0.0,23.99,11.04,0.0,0.0,0.0,0.0,0.0,0.0,0.0,0.0,0.0,0.0
1705,2020-09-01,0.0,24.21,8.25,0.0,0.0,0.0,0.0,0.0,0.0,0.0,0.0,0.0,0.0
1706,2020-09-02,0.0,29.7,11.29,0.0,0.0,0.0,0.0,0.0,0.0,0.0,0.0,0.0,0.0
1707,2020-09-03,0.0,32.95,14.64,0.0,0.0,0.0,0.0,0.0,0.0,0.0,0.0,0.0,0.0
1708,2020-09-04,0.0,34.27,15.9,0.0,0.0,0.0,0.0,0.0,0.0,0.0,0.0,0.0,0.0
1709,2020-09-05,0.0,36.65,17.69,0.0,0.0,0.0,0.0,0.0,0.0,0.0,0.0,0.0,0.0
1710,2020-09-06,0.0,35.31,18.15,0.0,0.0,0.0,0.0,0.0,0.0,0.0,0.0,0.0,0.0
1711,2020-09-07,2.18,32.43,12.47,0.0,0.0,0.0,0.0,0.0,0.0,0.0,0.0,0.0,0.0
1712,2020-09-08,0.0,15.34,6.51,0.0,0.0,0.0,0.0,0.0,0.0,0.0,0.0,0.0,0.0
1713,2020-09-09,0.0,19.09,5.73,0.0,0.0,0.0,0.0,0.0,0.0,0.00254,0.00254,0.0,0.0
1714,2020-09-10,0.0,24.13,9.72,0.0,0.0,0.0,0.0,0.0,0.0,0.0,0.0,0.0,0.0
1715,2020-09-11,0.0,26.25,9.12,0.0,0.0,0.0,0.0,0.0,0.0,0.0,0.0,0.0,0.0
1716,2020-09-12,0.0,29.84,11.71,0.0,0.0,0.0,0.0,0.0,0.0,0.0,0.0,0.0,0.0
1717,2020-09-13,0.0,31.14,12.79,0.0,0.0,0.0,0.0,0.0,0.0,0.0,0.0,0.0,0.0
1718,2020-09-14,0.0,32.39,13.93,0.0,0.0,0.0,0.0,0.0,0.0,0.0,0.0,0.0,0.0
1719,2020-09-15,0.0,31.6,14.66,0.0,0.0,0.0,0.0,0.0,0.0,0.0,0.0,0.0,0.0
1720,2020-09-16,0.0,30.9,14.37,0.0,0.0,0.0,0.0,0.0,0.0,0.0,0.0,0.0,0.0
1721,2020-09-17,0.0,31.41,15.22,0.0,0.0,0.0,0.0,0.0,0.0,0.0,0.0,0.0,0.0
1722,2020-09-18,0.0,30.44,15.62,0.0,0.0,0.0,0.0,0.0,0.0,0.0,0.0,0.0,0.0
1723,2020-09-19,4.34,24.67,12.25,0.0,0.0,0.0,0.0,0.0,0.0,0.0,0.0,0.0,0.0
1724,2020-09-20,0.0,24.7,9.21,0.0,0.0,0.0,0.0,0.0,0.0,0.0,0.0,0.0,0.0
1725,2020-09-21,0.0,29.18,10.97,0.0,0.0,0.0,0.0,0.0,0.0,0.0,0.0,0.0,0.0
1726,2020-09-22,0.0,30.25,15.55,0.0,0.0,0.0,0.0,0.0,0.0,0.0,0.0,0.0,0.0
1727,2020-09-23,0.0,29.36,13.95,0.0,0.0,0.0,0.0,0.0,0.0,0.0,0.0,0.0,0.0
1728,2020-09-24,0.0,30.46,13.73,0.0,0.0,0.0,0.0,0.0,0.0,0.0,0.0,0.0,0.0
1729,2020-09-25,0.0,27.38,12.24,0.0,0.0,0.0,0.0,0.0,0.0,0.0,0.0,0.0,0.0
1730,2020-09-26,0.0,22.3,12.45,0.0,0.0,0.0,0.0,0.0,0.0,0.0,0.0,0.0,0.0
1731,2020-09-27,0.0,20.0,8.48,0.0,0.0,0.0,0.0,0.0,0.0,0.0,0.0,0.0,0.0
1732,2020-09-28,0.0,21.08,7.07,0.0,0.0,0.0,0.0,0.0,0.0,0.0,0.0,0.0,0.0
1733,2020-09-29,0.0,23.77,7.22,0.0,0.0,0.0,0.0,0.0,0.0,0.0,0.0,0.0,0.0
1734,2020-09-30,0.0,26.2,9.3,0.0,0.0,0.0,0.0,0.0,0.0,0.0,0.0,0.0,0.0
1735,2020-10-01,0.0,27.17,10.17,0.0,0.0,0.0,0.0,0.0,0.0,0.0,0.0,0.0,0.0
1736,2020-10-02,0.0,25.17,11.01,0.0,0.0,0.0,0.0,0.0,0.0,0.0,0.0,0.0,0.0
1737,2020-10-03,0.0,25.66,10.73,0.0,0.0,0.0,0.0,0.0,0.0,0.0,0.0,0.0,0.0
1738,2020-10-04,0.0,26.68,10.95,0.0,0.0,0.0,0.0,0.0,0.0,0.0,0.0,0.0,0.0
1739,2020-10-05,0.0,26.08,11.08,0.0,0.0,0.0,0.0,0.0,0.0,0.0,0.0,0.0,0.0
1740,2020-10-06,0.0,26.5,10.28,0.0,0.0,0.0,0.0,0.0,0.0,0.0,0.0,0.0,0.0
1741,2020-10-07,0.0,27.03,10.23,0.0,0.0,0.0,0.0,0.0,0.0,0.0,0.0,0.0,0.0
1742,2020-10-08,0.0,28.0,11.85,0.0,0.0,0.0,0.0,0.0,0.0,0.0,0.0,0.0,0.0
1743,2020-10-09,0.0,27.07,12.74,0.0,0.0,0.0,0.0,0.0,0.0,0.0,0.0,0.0,0.0
1744,2020-10-10,4.67,28.03,10.77,0.0,0.0,0.0,0.0,0.0,0.0,0.0,0.0,0.0,0.0
1745,2020-10-11,3.94,17.11,6.5,0.0,0.0,0.0,0.0,0.0,0.0,0.0,0.0,0.0,0.0
1746,2020-10-12,0.0,21.92,5.32,0.0,0.0,0.0,0.0,0.0,0.0,0.00254,0.0,0.0,0.0
1747,2020-10-13,0.0,24.75,8.33,0.0,0.0,0.0,0.0,0.0,0.0,0.0,0.0,0.0,0.0
1748,2020-10-14,0.0,19.46,7.71,0.0,0.0,0.0,0.0,0.0,0.0,0.0,0.0,0.0,0.0
1749,2020-10-15,0.0,13.73,3.33,0.0,0.0,0.0,0.0,0.0,0.0,0.0,0.0,0.0,0.0
1750,2020-10-16,0.0,17.23,2.46,0.0,0.0,0.0,0.0,0.0,0.0,0.0,0.0,0.0,0.0
1751,2020-10-17,0.0,21.98,7.79,0.0,0.0,0.0,0.0,0.0,0.0,0.0,0.0,0.0,0.0
1752,2020-10-18,0.0,21.4,8.81,0.0,0.0,0.0,0.0,0.0,0.0,0.0,0.0,0.0,0.0
1753,2020-10-19,0.0,20.57,9.01,0.0,0.0,0.0,0.0,0.0,0.0,0.0,0.0,0.0,0.0
1754,2020-10-20,0.0,21.11,8.87,0.0,0.0,0.0,0.0,0.0,0.0,0.0,0.0,0.0,0.0
1755,2020-10-21,0.0,21.24,6.53,0.0,0.0,0.0,0.0,0.0,0.0,0.0,0.0,0.0,0.0
1756,2020-10-22,0.0,11.03,1.53,0.0,0.0,0.0,0.0,0.0,0.0,0.0,0.0,0.0,0.0
1757,2020-10-23,0.0,11.67,-0.62,0.0,0.0,0.0,0.0,0.0,0.0,0.0,0.0,0.0,0.0
1758,2020-10-24,0.0,13.71,1.58,0.0,0.0,0.0,0.0,0.0,0.0,0.0,0.0,0.0,0.0
1759,2020-10-25,0.0,6.08,-3.63,0.0,0.0,0.0,0.0,0.00508,0.0,0.0,0.0,0.00508,0.00508
1760,2020-10-26,0.0,3.93,-7.5,0.0,0.00508,0.0,0.0,0.00508,0.00508,0.0076199999999999,0.0076199999999999,0.00508,0.00508
1761,2020-10-27,0.0,8.4,-5.13,0.0,0.01016,0.0,0.0,0.0076199999999999,0.00508,0.0076199999999999,0.0076199999999999,0.00508,0.00508
1762,2020-10-28,0.0,12.77,-1.73,0.0,0.00508,0.0,0.0,0.00508,0.00508,0.0076199999999999,0.0076199999999999,0.00508,0.00508
1763,2020-10-29,0.0,16.67,1.67,0.0,0.0,0.0,0.0,0.00508,0.0,0.0,0.0,0.00508,0.00508
1764,2020-10-30,0.0,18.93,3.43,0.0,0.0,0.0,0.0,0.0,0.0,0.0,0.0,0.00508,0.00508
1765,2020-10-31,0.0,18.27,2.96,0.0,0.0,0.0,0.0,0.0,0.0,0.0,0.0,0.00508,0.00508
1766,2020-11-01,0.0,18.74,3.01,0.0,0.0,0.0,0.0,0.0,0.0,0.0,0.0,0.00508,0.0
1767,2020-11-02,0.0,19.95,5.01,0.0,0.0,0.0,0.0,0.0,0.0,0.0,0.0,0.00508,0.0
1768,2020-11-03,0.0,23.03,6.7,0.0,0.0,0.0,0.0,0.0,0.0,0.0,0.0,0.00508,0.0
1769,2020-11-04,0.0,22.62,8.59,0.0,0.0,0.0,0.0,0.0,0.0,0.0,0.0,0.00508,0.0
1770,2020-11-05,0.0,23.12,7.62,0.0,0.0,0.0,0.0,0.0,0.0,0.0,0.0,0.00508,0.0
1771,2020-11-06,0.0,23.56,9.78,0.0,0.0,0.0,0.0,0.0,0.0,0.0,0.0,0.00508,0.0
1772,2020-11-07,6.15,20.5,7.6,0.0,0.0,0.0,0.00254,0.0,0.0,0.0,0.0,0.00508,0.0
1773,2020-11-08,3.17,5.84,0.19,0.0076199999999999,0.00508,0.0,0.00508,0.0127,0.00508,0.00508,0.00508,0.00508,0.01016
1774,2020-11-09,0.0,4.43,-1.84,0.0127,0.01016,0.00254,0.0076199999999999,0.0177799999999999,0.0152399999999999,0.02286,0.0254,0.01016,0.0127
1775,2020-11-10,1.62,3.51,-1.01,0.0127,0.0177799999999999,0.00254,0.0076199999999999,0.0177799999999999,0.0177799999999999,0.02794,0.0304799999999999,0.0127,0.0127
1776,2020-11-11,3.48,3.31,-0.88,0.0127,0.0177799999999999,0.00508,0.0076199999999999,0.02032,0.0177799999999999,0.0304799999999999,0.03302,0.0127,0.0152399999999999
1777,2020-11-12,0.0,5.31,-4.4,0.02286,0.03302,0.0177799999999999,0.0127,0.0355599999999999,0.0304799999999999,0.04064,0.04064,0.0177799999999999,0.02286
1778,2020-11-13,13.85,10.0,-3.48,0.02794,0.0380999999999999,0.0304799999999999,0.0127,0.0380999999999999,0.0304799999999999,0.04064,0.04064,0.0177799999999999,0.0254
1779,2020-11-14,0.0,6.25,-0.04,0.0431799999999999,0.0609599999999999,0.05334,0.03302,0.0635,0.05588,0.0508,0.0761999999999999,0.0431799999999999,0.04826
1780,2020-11-15,0.0,10.49,2.06,0.0508,0.0711199999999999,0.0635,0.0380999999999999,0.0635,0.0635,0.05588,0.0838199999999999,0.0431799999999999,0.0508
1781,2020-11-16,0.0,15.92,1.88,0.0508,0.0761999999999999,0.06604,0.0380999999999999,0.0635,0.0635,0.0584199999999999,0.0838199999999999,0.04572,0.05334
1782,2020-11-17,0.0,21.0,5.26,0.0508,0.0761999999999999,0.06604,0.0380999999999999,0.0635,0.0635,0.0584199999999999,0.0838199999999999,0.04572,0.0508
1783,2020-11-18,0.6,17.56,7.75,0.0584199999999999,0.0761999999999999,0.06604,0.0380999999999999,0.0635,0.0635,0.0584199999999999,0.08128,0.0431799999999999,0.0508
1784,2020-11-19,0.0,11.29,2.17,0.0584199999999999,0.0761999999999999,0.0635,0.0380999999999999,0.0635,0.0584199999999999,0.05588,0.0609599999999999,0.0355599999999999,0.04826
1785,2020-11-20,0.0,8.8,-1.6,0.0584199999999999,0.0761999999999999,0.0635,0.0380999999999999,0.0635,0.05334,0.04826,0.0609599999999999,0.02794,0.04572
1786,2020-11-21,0.0,7.92,-3.87,0.0584199999999999,0.0761999999999999,0.0635,0.0380999999999999,0.0635,0.05334,0.04826,0.0609599999999999,0.0254,0.0431799999999999
1787,2020-11-22,0.0,5.19,-4.56,0.0584199999999999,0.0761999999999999,0.0635,0.0380999999999999,0.0635,0.05334,0.04826,0.0609599999999999,0.02286,0.0431799999999999
1788,2020-11-23,0.0,4.16,-4.5,0.0584199999999999,0.0761999999999999,0.0635,0.0380999999999999,0.0635,0.05334,0.04826,0.0609599999999999,0.02032,0.0431799999999999
1789,2020-11-24,0.0,6.24,-4.55,0.0584199999999999,0.0761999999999999,0.0635,0.0380999999999999,0.0635,0.05334,0.04826,0.0609599999999999,0.0152399999999999,0.0431799999999999
1790,2020-11-25,0.0,9.5,-3.51,0.0584199999999999,0.0761999999999999,0.0635,0.0380999999999999,0.0635,0.05334,0.04826,0.0584199999999999,0.00254,0.0431799999999999
1791,2020-11-26,0.0,4.45,-3.86,0.0584199999999999,0.07874,0.0635,0.0380999999999999,0.06604,0.05588,0.05334,0.0609599999999999,0.00254,0.04572
1792,2020-11-27,0.0,4.51,-5.47,0.0584199999999999,0.07874,0.0635,0.0380999999999999,0.06604,0.05588,0.05334,0.0609599999999999,0.0,0.04572
1793,2020-11-28,0.0,5.91,-5.35,0.0584199999999999,0.07874,0.06604,0.0380999999999999,0.06604,0.05588,0.05334,0.0609599999999999,0.0,0.04572
1794,2020-11-29,0.0,5.75,-4.66,0.0584199999999999,0.07874,0.06604,0.0380999999999999,0.06604,0.05588,0.05334,0.0609599999999999,0.0,0.04572
1795,2020-11-30,0.0,7.52,-5.35,0.0584199999999999,0.07874,0.06604,0.0380999999999999,0.06604,0.05588,0.05334,0.0609599999999999,0.0,0.04572
1796,2020-12-01,0.0,5.13,-4.9,0.0584199999999999,0.07874,0.06604,0.0380999999999999,0.06604,0.05588,0.0609599999999999,0.0635,0.0,0.04572
1797,2020-12-02,0.0,6.61,-5.65,0.0584199999999999,0.07874,0.06604,0.0380999999999999,0.06604,0.05588,0.0609599999999999,0.0635,0.0,0.04572
1798,2020-12-03,0.0,3.87,-6.84,0.0584199999999999,0.07874,0.06604,0.0380999999999999,0.06604,0.05588,0.0609599999999999,0.0635,0.0,0.04572
1799,2020-12-04,0.0,3.6,-5.53,0.0584199999999999,0.08128,0.06604,0.0380999999999999,0.06604,0.05588,0.0609599999999999,0.0635,0.0,0.04572
1800,2020-12-05,0.0,5.07,-5.65,0.0584199999999999,0.08128,0.06858,0.0380999999999999,0.06604,0.05588,0.0609599999999999,0.0635,0.0,0.04572
1801,2020-12-06,0.0,6.77,-5.03,0.0584199999999999,0.08128,0.06858,0.0380999999999999,0.06604,0.05588,0.0609599999999999,0.0635,0.0,0.04572
1802,2020-12-07,0.0,6.46,-4.8,0.0584199999999999,0.08128,0.06858,0.0380999999999999,0.06604,0.05588,0.0609599999999999,0.0635,0.0,0.04572
1803,2020-12-08,0.0,6.73,-4.23,0.0584199999999999,0.08128,0.06858,0.0380999999999999,0.06604,0.05588,0.0609599999999999,0.0635,0.0,0.04572
1804,2020-12-09,0.0,5.62,-4.19,0.0584199999999999,0.08128,0.06858,0.0380999999999999,0.06604,0.05588,0.0609599999999999,0.0635,0.0,0.04572
1805,2020-12-10,0.0,2.87,-5.57,0.0584199999999999,0.08128,0.06858,0.0380999999999999,0.06604,0.05588,0.0609599999999999,0.0635,0.0,0.04572
1806,2020-12-11,0.0,1.42,-5.56,0.0584199999999999,0.08128,0.06858,0.0380999999999999,0.06604,0.05588,0.0609599999999999,0.0635,0.0,0.04572
1807,2020-12-12,0.0,2.55,-6.99,0.0584199999999999,0.08128,0.06858,0.0380999999999999,0.06604,0.05588,0.0635,0.0635,0.0,0.04572
1808,2020-12-13,2.39,1.08,-8.46,0.06604,0.0838199999999999,0.0711199999999999,0.04064,0.06604,0.0635,0.07874,0.0635,0.0,0.04572
1809,2020-12-14,2.14,-0.75,-8.48,0.0736599999999999,0.09398,0.07874,0.0431799999999999,0.06858,0.0635,0.07874,0.0736599999999999,0.01016,0.05334
1810,2020-12-15,0.7,0.17,-8.13,0.0761999999999999,0.1016,0.0838199999999999,0.04572,0.06858,0.06858,0.08128,0.0761999999999999,0.01016,0.05334
1811,2020-12-16,0.0,5.25,-3.0,0.0761999999999999,0.1041399999999999,0.0863599999999999,0.04572,0.0711199999999999,0.0711199999999999,0.0838199999999999,0.0761999999999999,0.0152399999999999,0.05588
1812,2020-12-17,13.99,2.51,-1.94,0.08128,0.1041399999999999,0.0863599999999999,0.04572,0.0711199999999999,0.0711199999999999,0.0838199999999999,0.0761999999999999,0.0152399999999999,0.05588
1813,2020-12-18,0.0,2.75,-2.57,0.0838199999999999,0.11176,0.09144,0.04826,0.0838199999999999,0.0863599999999999,0.1041399999999999,0.09144,0.02286,0.06604
1814,2020-12-19,0.0,4.72,-3.81,0.0838199999999999,0.11176,0.09144,0.04826,0.0838199999999999,0.0863599999999999,0.1041399999999999,0.09144,0.02286,0.06604
1815,2020-12-20,0.0,6.03,-2.82,0.0838199999999999,0.11176,0.09144,0.04826,0.0838199999999999,0.0863599999999999,0.1041399999999999,0.09144,0.02286,0.06604
1816,2020-12-21,0.0,10.45,1.12,0.0838199999999999,0.1168399999999999,0.09398,0.0508,0.0838199999999999,0.09144,0.10668,0.09144,0.02286,0.06604
1817,2020-12-22,0.0,6.38,-1.43,0.0838199999999999,0.1168399999999999,0.09398,0.05334,0.0838199999999999,0.09144,0.10668,0.09144,0.02286,0.06604
1818,2020-12-23,0.0,0.81,-7.38,0.0838199999999999,0.1219199999999999,0.09652,0.05334,0.09398,0.09652,0.11176,0.1041399999999999,0.02286,0.06858
1819,2020-12-24,0.0,0.94,-8.58,0.0838199999999999,0.1219199999999999,0.09652,0.05334,0.09398,0.09652,0.11176,0.1041399999999999,0.02286,0.06858
1820,2020-12-25,0.0,2.17,-5.88,0.0838199999999999,0.12446,0.09906,0.05334,0.09398,0.09652,0.11176,0.1041399999999999,0.02286,0.06858
1821,2020-12-26,0.08,3.81,-4.02,0.0838199999999999,0.127,0.09906,0.05588,0.09398,0.09652,0.11176,0.10922,0.02286,0.0711199999999999
1822,2020-12-27,0.0,3.87,-5.4,0.0888999999999999,0.12954,0.1016,0.0584199999999999,0.09906,0.1016,0.1143,0.10922,0.0254,0.0761999999999999
1823,2020-12-28,0.0,1.11,-5.28,0.0888999999999999,0.12954,0.1016,0.0584199999999999,0.09906,0.1016,0.1143,0.10922,0.0254,0.0761999999999999
1824,2020-12-29,0.0,1.17,-8.47,0.0888999999999999,0.13462,0.10668,0.0584199999999999,0.09906,0.1041399999999999,0.11938,0.10922,0.0254,0.0761999999999999
1825,2020-12-30,0.0,0.92,-8.02,0.0888999999999999,0.13462,0.10668,0.0584199999999999,0.09906,0.1041399999999999,0.11938,0.10922,0.0254,0.0761999999999999
1826,2020-12-31,,,,0.09144,0.13716,0.10922,0.0584199999999999,0.09906,0.1041399999999999,0.11938,0.11176,0.0254,0.0761999999999999
1827,2021-01-01,0.0,2.11,-7.03,0.09144,0.1422399999999999,0.10922,0.0609599999999999,0.09906,0.10668,0.1219199999999999,0.11176,0.0254,0.0761999999999999
1828,2021-01-02,0.0,3.84,-4.31,0.09144,0.1422399999999999,0.10922,0.0609599999999999,0.09906,0.10668,0.1219199999999999,0.11176,0.0254,0.0761999999999999
1829,2021-01-03,4.11,2.95,-3.9,0.09144,0.1422399999999999,0.1143,0.0609599999999999,0.09906,0.10668,0.1219199999999999,0.11176,0.0254,0.0761999999999999
1830,2021-01-04,1.01,5.88,-4.35,0.09144,0.1422399999999999,0.1143,0.0609599999999999,0.1041399999999999,0.11176,0.12446,0.1219199999999999,0.02794,0.07874
1831,2021-01-05,0.0,6.06,-2.33,0.09652,0.1473199999999999,0.11938,0.0609599999999999,0.10668,0.1143,0.127,0.12446,0.02794,0.08128
1832,2021-01-06,0.0,3.69,-5.9,0.1041399999999999,0.15494,0.11938,0.0635,0.1219199999999999,0.12446,0.13716,0.13208,0.02794,0.0863599999999999
1833,2021-01-07,0.0,6.7,-4.67,0.1041399999999999,0.16256,0.11938,0.0635,0.1219199999999999,0.12446,0.13716,0.13208,0.02794,0.0863599999999999
1834,2021-01-08,0.0,5.75,-4.49,0.1041399999999999,0.16256,0.11938,0.0635,0.1219199999999999,0.12446,0.13716,0.13208,0.02794,0.0863599999999999
1835,2021-01-09,0.0,5.43,-5.86,0.1041399999999999,0.16256,0.11938,0.0635,0.1219199999999999,0.12446,0.13716,0.13208,0.02794,0.0863599999999999
1836,2021-01-10,0.0,1.18,-7.43,0.1041399999999999,0.16256,0.11938,0.0635,0.1219199999999999,0.12446,0.13716,0.13208,0.02794,0.0863599999999999
1837,2021-01-11,0.0,1.82,-8.42,0.1041399999999999,0.16256,0.11938,0.0635,0.1219199999999999,0.12446,0.13716,0.13208,0.02794,0.0863599999999999
1838,2021-01-12,0.0,3.81,-6.32,0.1041399999999999,0.16256,0.12954,0.0635,0.1219199999999999,0.12446,0.13716,0.13208,0.02794,0.0863599999999999
1839,2021-01-13,0.0,9.44,-2.56,0.1041399999999999,0.16256,0.12954,0.06604,0.1219199999999999,0.127,0.1397,0.13208,0.02794,0.0863599999999999
1840,2021-01-14,0.0,6.01,-3.21,0.1041399999999999,0.16256,0.12954,0.06604,0.1219199999999999,0.127,0.1397,0.13208,0.02794,0.0863599999999999
1841,2021-01-15,0.0,6.66,-4.4,0.1041399999999999,0.16256,0.12954,0.06604,0.1219199999999999,0.127,0.1397,0.13208,0.02794,0.0863599999999999
1842,2021-01-16,0.0,6.86,-2.78,0.1041399999999999,0.16256,0.13208,0.06604,0.1219199999999999,0.127,0.1422399999999999,0.13462,0.02794,0.0863599999999999
1843,2021-01-17,0.0,8.65,-2.83,0.1041399999999999,0.16256,0.13208,0.06604,0.1219199999999999,0.127,0.1422399999999999,0.13462,0.02794,0.0863599999999999
1844,2021-01-18,0.0,6.2,-2.27,0.1041399999999999,0.16256,0.13208,0.06604,0.1219199999999999,0.127,0.1422399999999999,0.13462,0.02794,0.0863599999999999
1845,2021-01-19,0.0,7.08,-3.01,0.1041399999999999,0.16256,0.13208,0.06604,0.1219199999999999,0.12954,0.14478,0.13462,0.02794,0.0863599999999999
1846,2021-01-20,0.0,6.49,-5.38,0.1041399999999999,0.16256,0.13208,0.06604,0.1219199999999999,0.12954,0.14478,0.13462,0.02794,0.0863599999999999
1847,2021-01-21,0.0,6.95,-3.25,0.1041399999999999,0.16256,0.13208,0.06604,0.1219199999999999,0.12954,0.1473199999999999,0.13462,0.02794,0.0863599999999999
1848,2021-01-22,11.63,9.83,-0.65,0.1041399999999999,0.16256,0.13208,0.06604,0.1219199999999999,0.12954,0.1473199999999999,0.13462,0.02794,0.0863599999999999
1849,2021-01-23,16.03,3.4,-0.65,0.11176,0.17018,0.13462,0.0736599999999999,0.127,0.1397,0.1727199999999999,0.14986,0.0355599999999999,0.1041399999999999
1850,2021-01-24,2.1,0.42,-3.98,0.1219199999999999,0.1777999999999999,0.13716,0.07874,0.13716,0.15494,0.1777999999999999,0.16256,0.04064,0.1143
1851,2021-01-25,0.0,2.1,-5.41,0.1219199999999999,0.1777999999999999,0.13716,0.07874,0.13716,0.15748,0.1803399999999999,0.16256,0.04064,0.1143
1852,2021-01-26,1.2,-0.41,-4.8,0.1219199999999999,0.1777999999999999,0.13716,0.07874,0.13716,0.15748,0.1803399999999999,0.16256,0.04064,0.1143
1853,2021-01-27,0.0,3.5,-2.87,0.1219199999999999,0.1777999999999999,0.13716,0.07874,0.13716,0.15748,0.18288,0.1651,0.04064,0.1168399999999999
1854,2021-01-28,0.0,8.59,-0.24,0.1219199999999999,0.1803399999999999,0.1397,0.07874,0.1422399999999999,0.16256,0.1905,0.1676399999999999,0.04064,0.11938
1855,2021-01-29,8.57,8.34,1.0,0.1219199999999999,0.18796,0.1422399999999999,0.0863599999999999,0.1523999999999999,0.1676399999999999,0.2032,0.17018,0.05588,0.1397
1856,2021-01-30,0.0,6.41,-1.03,0.13462,0.19558,0.1473199999999999,0.09398,0.16002,0.18796,0.2209799999999999,0.19304,0.0609599999999999,0.14478
1857,2021-01-31,0.0,5.99,-3.9,0.13462,0.19558,0.1473199999999999,0.09398,0.16002,0.18796,0.2209799999999999,0.19304,0.0609599999999999,0.14478
1858,2021-02-01,0.0,7.4,-2.19,0.13462,0.19558,0.1473199999999999,0.09398,0.16002,0.18796,0.2209799999999999,0.19304,0.0609599999999999,0.14478
1859,2021-02-02,1.93,12.47,0.14,0.13462,0.19558,0.14986,0.09652,0.16002,0.18796,0.2209799999999999,0.19304,0.0609599999999999,0.14478
1860,2021-02-03,2.32,7.79,-0.47,0.13462,0.20066,0.14986,0.09652,0.1651,0.18796,0.2209799999999999,0.19304,0.0635,0.14478
1861,2021-02-04,0.0,4.19,-1.58,0.1422399999999999,0.2057399999999999,0.16002,0.09906,0.17526,0.2032,0.22352,0.2032,0.0711199999999999,0.1523999999999999
1862,2021-02-05,4.96,2.23,-1.64,0.1422399999999999,0.2082799999999999,0.16256,0.1016,0.1777999999999999,0.2057399999999999,0.22606,0.2032,0.0711199999999999,0.15494
1863,2021-02-06,0.0,9.64,-2.13,0.1523999999999999,0.2158999999999999,0.17018,0.10922,0.19812,0.22352,0.23622,0.2158999999999999,0.07874,0.16256
1864,2021-02-07,0.0,11.56,-0.53,0.1523999999999999,0.2158999999999999,0.17018,0.10922,0.19812,0.22352,0.23622,0.2158999999999999,0.07874,0.16256
1865,2021-02-08,0.0,10.46,1.11,0.14986,0.2158999999999999,0.17018,0.10922,0.19812,0.22352,0.23622,0.2158999999999999,0.07874,0.16256
1866,2021-02-09,0.0,9.51,2.21,0.14478,0.2158999999999999,0.17018,0.10922,0.19812,0.22352,0.23622,0.2158999999999999,0.07874,0.16256
1867,2021-02-10,0.0,11.37,1.51,0.14478,0.2158999999999999,0.17018,0.10922,0.19812,0.22352,0.23622,0.2158999999999999,0.07874,0.16256
1868,2021-02-11,8.93,9.21,2.44,0.14478,0.2158999999999999,0.17018,0.10922,0.19812,0.22352,0.23622,0.2158999999999999,0.07874,0.16256
1869,2021-02-12,4.21,7.75,2.73,0.14478,0.21844,0.1727199999999999,0.11176,0.21082,0.22606,0.23876,0.21844,0.07874,0.16256
1870,2021-02-13,11.46,4.49,-0.29,0.1523999999999999,0.22606,0.17526,0.1143,0.2209799999999999,0.23876,0.24892,0.2438399999999999,0.0838199999999999,0.17018
1871,2021-02-14,0.0,0.83,-5.1,0.1651,0.2438399999999999,0.18796,0.127,0.2311399999999999,0.254,0.25908,0.25908,0.0888999999999999,0.17526
1872,2021-02-15,11.95,2.58,-3.45,0.1651,0.2438399999999999,0.18796,0.127,0.2336799999999999,0.254,0.25908,0.25908,0.09398,0.17526
1873,2021-02-16,4.27,3.48,-2.2,0.17526,0.26924,0.21082,0.1422399999999999,0.2463799999999999,0.2667,0.27432,0.27686,0.09652,0.18288
1874,2021-02-17,0.66,2.3,-5.15,0.19558,0.27432,0.2158999999999999,0.14986,0.27432,0.28956,0.2946399999999999,0.29972,0.1016,0.18542
1875,2021-02-18,0.0,2.05,-8.93,0.19558,0.2794,0.2158999999999999,0.14986,0.27686,0.2946399999999999,0.2971799999999999,0.30734,0.1016,0.18542
1876,2021-02-19,3.5,7.38,-3.8,0.19558,0.2794,0.2158999999999999,0.14986,0.27686,0.29972,0.29972,0.30734,0.1016,0.18796
1877,2021-02-20,0.0,6.94,-0.62,0.19558,0.2844799999999999,0.2209799999999999,0.15494,0.2819399999999999,0.30226,0.3047999999999999,0.30988,0.1041399999999999,0.19304
1878,2021-02-21,0.0,5.04,-3.2,0.19812,0.28956,0.22352,0.15748,0.2971799999999999,0.30226,0.30734,0.31496,0.1168399999999999,0.20066
1879,2021-02-22,0.0,9.22,-0.69,0.19812,0.28956,0.22352,0.15748,0.2971799999999999,0.30226,0.30734,0.31496,0.1168399999999999,0.20066
1880,2021-02-23,0.0,8.01,-1.39,0.19812,0.28956,0.22352,0.15748,0.2971799999999999,0.30226,0.30734,0.31496,0.1168399999999999,0.20066
1881,2021-02-24,0.32,4.6,-3.66,0.19558,0.28956,0.22352,0.15748,0.2971799999999999,0.30226,0.30734,0.31496,0.1168399999999999,0.20066
1882,2021-02-25,0.0,4.21,-7.17,0.19558,0.28956,0.22606,0.15748,0.2971799999999999,0.30226,0.30988,0.3175,0.1168399999999999,0.20066
1883,2021-02-26,0.97,5.11,-4.06,0.19558,0.28956,0.2286,0.15748,0.2971799999999999,0.30226,0.30988,0.3175,0.1168399999999999,0.20066
1884,2021-02-27,0.0,1.97,-5.4,0.19812,0.29972,0.23876,0.1651,0.32004,0.30988,0.31496,0.32766,0.12446,0.2057399999999999
1885,2021-02-28,0.0,2.63,-7.2,0.19812,0.3047999999999999,0.23876,0.1651,0.32512,0.32004,0.32004,0.3454399999999999,0.12446,0.2082799999999999
1886,2021-03-01,0.0,7.01,-6.3,0.19812,0.3047999999999999,0.23876,0.1651,0.32512,0.32004,0.32004,0.3454399999999999,0.12446,0.2082799999999999
1887,2021-03-02,0.0,12.79,-1.98,0.19812,0.30734,0.2413,0.17018,0.32512,0.32004,0.32258,0.35052,0.12446,0.2082799999999999
1888,2021-03-03,0.0,15.31,-0.28,0.2032,0.30734,0.2413,0.17526,0.32512,0.32004,0.32258,0.35052,0.12446,0.2082799999999999
1889,2021-03-04,0.0,14.21,2.23,0.2032,0.30734,0.2413,0.17526,0.32512,0.32004,0.32258,0.35052,0.11938,0.2082799999999999
1890,2021-03-05,0.0,15.67,0.73,0.2032,0.30734,0.2413,0.17526,0.32512,0.32004,0.32258,0.35052,0.11938,0.2082799999999999
1891,2021-03-06,0.0,19.92,2.11,0.2032,0.30734,0.2413,0.17526,0.32512,0.32258,0.32512,0.35052,0.11938,0.2082799999999999
1892,2021-03-07,0.0,16.5,0.3,0.2032,0.30734,0.2413,0.17526,0.32512,0.32258,0.32512,0.35052,0.10922,0.2082799999999999
1893,2021-03-08,0.0,19.6,3.47,0.2032,0.30734,0.2413,0.17526,0.3175,0.3175,0.32512,0.35052,0.1016,0.2082799999999999
1894,2021-03-09,0.0,9.13,1.54,0.2032,0.31242,0.2438399999999999,0.17526,0.30988,0.30734,0.32512,0.35052,0.07874,0.2082799999999999
1895,2021-03-10,0.0,8.79,-0.56,0.2032,0.31242,0.25146,0.1777999999999999,0.30988,0.31242,0.32766,0.35306,0.0761999999999999,0.21082
1896,2021-03-11,0.0,8.62,-0.58,0.2057399999999999,0.31496,0.254,0.1803399999999999,0.30988,0.3175,0.33274,0.3555999999999999,0.0761999999999999,0.21082
1897,2021-03-12,0.0,11.23,-1.38,0.21336,0.32004,0.25908,0.18796,0.30988,0.32766,0.34036,0.3606799999999999,0.0761999999999999,0.21082
1898,2021-03-13,0.0,9.89,1.64,0.21336,0.3302,0.26162,0.19558,0.30988,0.3302,0.3454399999999999,0.3606799999999999,0.0736599999999999,0.21082
1899,2021-03-14,0.0,15.21,0.76,0.2209799999999999,0.34036,0.26924,0.2032,0.3175,0.3302,0.3479799999999999,0.36322,0.0736599999999999,0.2158999999999999
1900,2021-03-15,0.0,16.47,2.58,0.2209799999999999,0.35306,0.2844799999999999,0.2032,0.32258,0.3302,0.35052,0.36322,0.06604,0.2158999999999999
1901,2021-03-16,0.0,14.96,3.5,0.2209799999999999,0.36576,0.28702,0.2082799999999999,0.32258,0.3302,0.3581399999999999,0.36322,0.04572,0.2158999999999999
1902,2021-03-17,0.0,14.48,1.95,0.2209799999999999,0.36576,0.28956,0.2082799999999999,0.32258,0.33782,0.36322,0.36576,0.0355599999999999,0.2158999999999999
1903,2021-03-18,0.0,17.62,3.8,0.2209799999999999,0.36576,0.28956,0.2082799999999999,0.31242,0.34036,0.36322,0.36576,0.0254,0.2158999999999999
1904,2021-03-19,0.0,19.85,5.04,0.2209799999999999,0.3682999999999999,0.28956,0.2082799999999999,0.30734,0.3352799999999999,0.36576,0.3581399999999999,0.0,0.21336
1905,2021-03-20,15.2,13.72,2.68,0.2209799999999999,0.37338,0.28956,0.21082,0.28702,0.32766,0.36576,0.35052,0.0,0.2032
1906,2021-03-21,0.56,6.93,-0.67,0.2286,0.3937,0.32004,0.2209799999999999,0.3047999999999999,0.35306,0.39116,0.36322,0.0,0.21844
1907,2021-03-22,1.81,5.95,-1.76,0.2336799999999999,0.3987799999999999,0.32258,0.2209799999999999,0.3047999999999999,0.3682999999999999,0.3987799999999999,0.37084,0.0,0.21844
1908,2021-03-23,0.0,8.5,-1.58,0.2336799999999999,0.40132,0.32512,0.2209799999999999,0.31242,0.3682999999999999,0.3987799999999999,0.37338,0.0,0.21844
1909,2021-03-24,0.0,9.5,-0.46,0.2336799999999999,0.40132,0.32512,0.2209799999999999,0.32004,0.3682999999999999,0.40132,0.37338,0.0,0.21844
1910,2021-03-25,2.73,6.83,1.16,0.2336799999999999,0.40132,0.32512,0.2209799999999999,0.32512,0.3682999999999999,0.40132,0.37338,0.0,0.21844
1911,2021-03-26,0.0,10.27,1.21,0.23622,0.4064,0.32766,0.2209799999999999,0.32512,0.37592,0.4064,0.37846,0.0,0.21844
1912,2021-03-27,0.0,12.29,0.13,0.23622,0.40894,0.3302,0.22352,0.32512,0.381,0.41402,0.37846,0.0,0.21844
1913,2021-03-28,0.0,18.72,1.49,0.23622,0.40894,0.3302,0.22352,0.32512,0.381,0.41402,0.37846,0.0,0.2209799999999999
1914,2021-03-29,0.0,12.77,0.21,0.23622,0.40894,0.3302,0.22352,0.32512,0.381,0.41402,0.37846,0.0,0.2209799999999999
1915,2021-03-30,0.0,7.98,-4.14,0.23622,0.40894,0.3302,0.22352,0.32512,0.381,0.41402,0.37846,0.0,0.2209799999999999
1916,2021-03-31,0.0,10.2,-2.95,0.2286,0.40894,0.3302,0.22352,0.32512,0.381,0.41402,0.37846,0.0,0.2209799999999999
1917,2021-04-01,0.0,19.09,-0.57,0.2209799999999999,0.40894,0.3302,0.22352,0.32512,0.37592,0.41402,0.37846,0.0,0.2209799999999999
1918,2021-04-02,0.0,23.74,4.75,0.21844,0.40386,0.3302,0.2209799999999999,0.32512,0.37084,0.41402,0.37846,0.0,0.2209799999999999
1919,2021-04-03,0.0,25.65,7.47,0.2057399999999999,0.40132,0.32766,0.2158999999999999,0.30734,0.3555999999999999,0.41402,0.37084,0.0,0.2057399999999999
1920,2021-04-04,0.0,25.4,10.1,0.1905,0.39116,0.3175,0.2057399999999999,0.27686,0.3302,0.4114799999999999,0.3454399999999999,0.0,0.1905
1921,2021-04-05,3.13,22.13,4.7,0.17526,0.381,0.30734,0.18796,0.25908,0.30988,0.40386,0.32004,0.0,0.17526
1922,2021-04-06,1.71,9.54,1.4,0.1651,0.37084,0.30734,0.18288,0.2438399999999999,0.28956,0.3987799999999999,0.30226,0.0,0.1676399999999999
1923,2021-04-07,0.0,17.04,0.79,0.17526,0.37846,0.32004,0.18542,0.26162,0.3047999999999999,0.4165599999999999,0.32004,0.0,0.17526
1924,2021-04-08,0.0,17.3,2.95,0.1727199999999999,0.381,0.32512,0.18542,0.26162,0.30226,0.4165599999999999,0.32004,0.0,0.17526
1925,2021-04-09,0.0,13.81,-0.07,0.1651,0.38608,0.32512,0.1803399999999999,0.2667,0.29972,0.4114799999999999,0.31242,0.0,0.17018
1926,2021-04-10,0.0,19.8,1.99,0.16002,0.38608,0.32512,0.17018,0.254,0.28956,0.4064,0.30734,0.0,0.1651
1927,2021-04-11,0.0,12.17,2.06,0.14478,0.381,0.32512,0.16002,0.2311399999999999,0.27686,0.3937,0.28702,0.0,0.15494
1928,2021-04-12,0.0,12.76,-1.23,0.1422399999999999,0.37846,0.32512,0.15494,0.2311399999999999,0.26162,0.38608,0.2794,0.0,0.1523999999999999
1929,2021-04-13,0.0,13.6,2.06,0.12954,0.37846,0.32258,0.14986,0.2158999999999999,0.25146,0.38354,0.2717799999999999,0.0,0.1473199999999999
1930,2021-04-14,2.8,9.88,1.34,0.1219199999999999,0.36322,0.3175,0.14478,0.21844,0.2438399999999999,0.37338,0.2667,0.0,0.15494
1931,2021-04-15,1.27,8.56,2.17,0.12954,0.37592,0.3302,0.15494,0.2286,0.2844799999999999,0.40894,0.3047999999999999,0.0076199999999999,0.1651
1932,2021-04-16,0.0,12.0,2.32,0.12954,0.38608,0.3429,0.15494,0.2311399999999999,0.28956,0.4165599999999999,0.30988,0.0,0.1676399999999999
1933,2021-04-17,0.0,14.63,3.42,0.13716,0.39116,0.3429,0.15494,0.2311399999999999,0.2920999999999999,0.42164,0.30988,0.0,0.1676399999999999
1934,2021-04-18,0.0,17.61,1.89,0.1422399999999999,0.39116,0.3429,0.15494,0.2311399999999999,0.28702,0.42164,0.3047999999999999,0.0,0.1676399999999999
1935,2021-04-19,0.0,18.51,3.51,0.12954,0.3937,0.34036,0.14986,0.2286,0.2794,0.42164,0.29972,0.0,0.16256
1936,2021-04-20,0.0,14.3,0.86,0.1219199999999999,0.38608,0.3352799999999999,0.1422399999999999,0.22352,0.2717799999999999,0.4191,0.28956,0.0,0.14986
1937,2021-04-21,0.0,10.64,4.02,0.1143,0.39116,0.34036,0.13716,0.22352,0.2667,0.4165599999999999,0.2794,0.0,0.14478
1938,2021-04-22,0.0,17.46,1.82,0.1143,0.39624,0.33782,0.13716,0.21082,0.26416,0.4165599999999999,0.27686,0.0,0.13462
1939,2021-04-23,0.0,18.25,5.7,0.1041399999999999,0.3937,0.3352799999999999,0.127,0.2057399999999999,0.25908,0.4064,0.25908,0.0,0.13208
1940,2021-04-24,0.0,19.88,7.07,0.0888999999999999,0.38608,0.32258,0.10668,0.19304,0.24892,0.3987799999999999,0.23876,0.0,0.1168399999999999
1941,2021-04-25,4.57,16.31,7.36,0.0761999999999999,0.381,0.31496,0.09652,0.1777999999999999,0.23622,0.39116,0.2209799999999999,0.0,0.1016
1942,2021-04-26,12.14,7.53,3.51,0.06604,0.37084,0.2946399999999999,0.0761999999999999,0.16002,0.2057399999999999,0.38354,0.1905,0.0,0.08128
1943,2021-04-27,0.0,14.97,2.26,0.06604,0.381,0.30226,0.0736599999999999,0.1727199999999999,0.21844,0.39624,0.2032,0.0,0.0761999999999999
1944,2021-04-28,0.0,19.61,3.88,0.06604,0.38862,0.30988,0.06858,0.1727199999999999,0.21844,0.40132,0.2032,0.0,0.06604
1945,2021-04-29,0.0,22.84,6.11,0.0431799999999999,0.39116,0.2946399999999999,0.04572,0.1523999999999999,0.20066,0.38608,0.17526,0.0,0.04572
1946,2021-04-30,0.0,27.15,10.03,0.0,0.3606799999999999,0.2667,0.0127,0.1168399999999999,0.16256,0.36322,0.12446,0.0,0.0177799999999999
1947,2021-05-01,0.0,26.15,12.99,0.0,0.33274,0.2336799999999999,0.0,0.08128,0.11938,0.3429,0.08128,0.0,0.00508
1948,2021-05-02,0.0,19.93,9.18,0.0,0.30988,0.2032,0.0,0.05588,0.0838199999999999,0.32512,0.04064,0.0,0.0
1949,2021-05-03,0.0,18.71,8.05,0.0,0.2920999999999999,0.1905,0.0,0.0380999999999999,0.0508,0.3047999999999999,0.02794,0.0,0.0
1950,2021-05-04,0.0,19.99,6.9,0.0,0.2819399999999999,0.1777999999999999,0.0,0.0304799999999999,0.0254,0.29972,0.02032,0.0,0.0
1951,2021-05-05,0.0,21.02,6.58,0.0,0.26416,0.16002,0.0,0.0152399999999999,0.0127,0.28702,0.0127,0.0,0.0
1952,2021-05-06,0.0,29.39,7.42,0.0,0.25146,0.1397,0.0,0.00254,0.0,0.26416,0.00508,0.0,0.0
1953,2021-05-07,0.17,27.76,11.0,0.0,0.2209799999999999,0.10668,0.0,0.0,0.0,0.23876,0.0,0.0,0.0
1954,2021-05-08,0.0,15.72,6.09,0.0,0.1905,0.06858,0.0,0.0,0.0,0.2082799999999999,0.0,0.0,0.0
1955,2021-05-09,0.0,14.96,2.64,0.0,0.1777999999999999,0.0355599999999999,0.0,0.0,0.0,0.19558,0.0,0.0,0.0
1956,2021-05-10,0.48,16.55,6.37,0.0,0.1676399999999999,0.0177799999999999,0.0,0.0,0.0,0.18796,0.0,0.0,0.0
1957,2021-05-11,0.0,17.49,2.72,0.0,0.16256,0.0127,0.0,0.00254,0.0,0.17526,0.0,0.0,0.0
1958,2021-05-12,0.0,23.03,5.44,0.0,0.15748,0.0076199999999999,0.0,0.00254,0.0,0.1676399999999999,0.0,0.0,0.0
1959,2021-05-13,0.0,27.32,8.59,0.0,0.13208,0.00254,0.0,0.0,0.0,0.1473199999999999,0.0,0.0,0.0
1960,2021-05-14,0.0,28.59,12.11,0.0,0.10922,0.0,0.0,0.0,0.0,0.1168399999999999,0.0,0.0,0.0
1961,2021-05-15,0.0,27.66,16.42,0.0,0.07874,0.0,0.0,0.0,0.0,0.0838199999999999,0.0,0.0,0.0
1962,2021-05-16,4.51,26.12,12.98,0.0,0.04826,0.0,0.0,0.0,0.0,0.05334,0.0,0.0,0.0
1963,2021-05-17,0.0,23.98,10.89,0.0,0.0152399999999999,0.0,0.0,0.0,0.0,0.0304799999999999,0.0,0.0,0.0
1964,2021-05-18,0.0,27.4,11.73,0.0,0.00508,0.0,0.0,0.0,0.0,0.02032,0.0,0.0,0.0
1965,2021-05-19,0.0,29.29,11.5,0.0,0.0,0.0,0.0,0.0,0.0,0.0,0.0,0.0,0.0
1966,2021-05-20,0.0,23.71,9.79,0.0,0.0,0.0,0.0,0.0,0.0,0.0,0.0,0.0,0.0
1967,2021-05-21,1.91,18.2,9.32,0.0,0.0,0.0,0.0,0.0,0.0,0.0,0.0,0.0,0.0
1968,2021-05-22,7.77,20.08,6.18,0.0,0.0,0.0,0.0,0.0,0.0,0.0,0.0,0.0,0.0
1969,2021-05-23,8.34,15.81,4.12,0.0,0.0,0.0,0.0,0.0,0.0,0.0,0.0,0.0,0.0
1970,2021-05-24,0.0,19.68,6.05,0.0,0.0,0.0,0.0,0.0,0.0,0.00254,0.00508,0.0,0.0
1971,2021-05-25,0.0,23.15,8.36,0.0,0.0,0.0,0.0,0.0,0.0,0.0,0.0,0.0,0.0
1972,2021-05-26,0.0,22.76,10.42,0.0,0.0,0.0,0.0,0.0,0.0,0.0,0.0,0.0,0.0
1973,2021-05-27,0.0,26.69,8.78,0.0,0.0,0.0,0.0,0.0,0.0,0.0,0.0,0.0,0.0
1974,2021-05-28,0.0,27.27,11.23,0.0,0.0,0.0,0.0,0.0,0.0,0.0,0.0,0.0,0.0
1975,2021-05-29,0.0,26.27,9.5,0.0,0.0,0.0,0.0,0.0,0.0,0.0,0.0,0.0,0.0
1976,2021-05-30,0.0,27.81,10.63,0.0,0.0,0.0,0.0,0.0,0.0,0.0,0.0,0.0,0.0
1977,2021-05-31,0.0,29.82,12.92,0.0,0.0,0.0,0.0,0.0,0.0,0.0,0.0,0.0,0.0
1978,2021-06-01,0.0,30.52,13.23,0.0,0.0,0.0,0.0,0.0,0.0,0.0,0.0,0.0,0.0
1979,2021-06-02,0.0,32.38,14.64,0.0,0.0,0.0,0.0,0.0,0.0,0.0,0.0,0.0,0.0
1980,2021-06-03,0.0,35.9,15.92,0.0,0.0,0.0,0.0,0.0,0.0,0.0,0.0,0.0,0.0
1981,2021-06-04,0.0,36.44,17.81,0.0,0.0,0.0,0.0,0.0,0.0,0.0,0.0,0.0,0.0
1982,2021-06-05,0.0,34.99,18.72,0.0,0.0,0.0,0.0,0.0,0.0,0.0,0.0,0.0,0.0
1983,2021-06-06,0.0,32.07,15.46,0.0,0.0,0.0,0.0,0.0,0.0,0.0,0.0,0.0,0.0
1984,2021-06-07,0.0,33.17,15.38,0.0,0.0,0.0,0.0,0.0,0.0,0.0,0.0,0.0,0.0
1985,2021-06-08,0.0,31.44,20.05,0.0,0.0,0.0,0.0,0.0,0.0,0.0,0.0,0.0,0.0
1986,2021-06-09,0.0,32.25,20.18,0.0,0.0,0.0,0.0,0.0,0.0,0.0,0.0,0.0,0.0
1987,2021-06-10,0.0,24.2,12.97,0.0,0.0,0.0,0.0,0.0,0.0,0.0,0.0,0.0,0.0
1988,2021-06-11,0.0,25.12,5.59,0.0,0.0,0.0,0.0,0.0,0.0,0.0,0.0,0.0,0.0
1989,2021-06-12,0.0,32.2,10.79,0.0,0.0,0.0,0.0,0.0,0.0,0.0,0.0,0.0,0.0
1990,2021-06-13,0.0,37.97,14.48,0.0,0.0,0.0,0.0,0.0,0.0,0.0,0.0,0.0,0.0
1991,2021-06-14,0.0,38.76,19.71,0.0,0.0,0.0,0.0,0.0,0.0,0.0,0.0,0.0,0.0
1992,2021-06-15,0.0,40.25,20.32,0.0,0.0,0.0,0.0,0.0,0.0,0.0,0.0,0.0,0.0
1993,2021-06-16,0.0,36.55,18.11,0.0,0.0,0.0,0.0,0.0,0.0,0.0,0.0,0.0,0.0
1994,2021-06-17,0.0,35.58,17.8,0.0,0.0,0.0,0.0,0.0,0.0,0.0,0.0,0.0,0.0
1995,2021-06-18,0.0,36.7,17.81,0.0,0.0,0.0,0.0,0.0,0.0,0.0,0.0,0.0,0.0
1996,2021-06-19,0.0,36.8,22.72,0.0,0.0,0.0,0.0,0.0,0.0,0.0,0.0,0.0,0.0
1997,2021-06-20,0.0,34.9,18.45,0.0,0.0,0.0,0.0,0.0,0.0,0.0,0.0,0.0,0.0
1998,2021-06-21,0.0,34.92,17.28,0.0,0.0,0.0,0.0,0.0,0.0,0.0,0.0,0.0,0.0
1999,2021-06-22,0.0,37.36,18.27,0.0,0.0,0.0,0.0,0.0,0.0,0.0,0.0,0.0,0.0
2000,2021-06-23,0.0,34.84,20.16,0.0,0.0,0.0,0.0,0.0,0.0,0.0,0.0,0.0,0.0
2001,2021-06-24,0.0,28.09,18.46,0.0,0.0,0.0,0.0,0.0,0.0,0.0,0.0,0.0,0.0
2002,2021-06-25,0.0,29.29,15.81,0.0,0.0,0.0,0.0,0.0,0.0,0.0,0.0,0.0,0.0
2003,2021-06-26,0.0,31.91,17.32,0.0,0.0,0.0,0.0,0.0,0.0,0.0,0.0,0.0,0.0
2004,2021-06-27,0.0,33.36,20.68,0.0,0.0,0.0,0.0,0.0,0.0,0.0,0.0,0.0,0.0
2005,2021-06-28,0.0,33.84,22.06,0.0,0.0,0.0,0.0,0.0,0.0,0.0,0.0,0.0,0.0
2006,2021-06-29,0.0,34.71,22.96,0.0,0.0,0.0,0.0,0.0,0.0,0.0,0.0,0.0,0.0
2007,2021-06-30,0.0,32.19,19.09,0.0,0.0,0.0,0.0,0.0,0.0,0.0,0.0,0.0,0.0
2008,2021-07-01,0.0,33.49,18.17,0.0,0.0,0.0,0.0,0.0,0.0,0.0,0.0,0.0,0.0
2009,2021-07-02,0.0,35.65,20.15,0.0,0.0,0.0,0.0,0.0,0.0,0.0,0.0,0.0,0.0
2010,2021-07-03,0.0,37.54,19.9,0.0,0.0,0.0,0.0,0.0,0.0,0.0,0.0,0.0,0.0
2011,2021-07-04,0.0,37.77,19.61,0.0,0.0,0.0,0.0,0.0,0.0,0.0,0.0,0.0,0.0
2012,2021-07-05,0.0,35.28,19.37,0.0,0.0,0.0,0.0,0.0,0.0,0.0,0.0,0.0,0.0
2013,2021-07-06,0.0,37.14,20.01,0.0,0.0,0.0,0.0,0.0,0.0,0.0,0.0,0.0,0.0
2014,2021-07-07,0.0,39.54,21.21,0.0,0.0,0.0,0.0,0.0,0.0,0.0,0.0,0.0,0.0
2015,2021-07-08,0.0,38.79,21.75,0.0,0.0,0.0,0.0,0.0,0.0,0.0,0.0,0.0,0.0
2016,2021-07-09,0.0,38.02,22.12,0.0,0.0,0.0,0.0,0.0,0.0,0.0,0.0,0.0,0.0
2017,2021-07-10,0.0,34.33,17.01,0.0,0.0,0.0,0.0,0.0,0.0,0.0,0.0,0.0,0.0
2018,2021-07-11,0.0,38.3,19.99,0.0,0.0,0.0,0.0,0.0,0.0,0.0,0.0,0.0,0.0
2019,2021-07-12,0.0,38.38,20.65,0.0,0.0,0.0,0.0,0.0,0.0,0.0,0.0,0.0,0.0
2020,2021-07-13,0.0,38.81,22.72,0.0,0.0,0.0,0.0,0.0,0.0,0.0,0.0,0.0,0.0
2021,2021-07-14,0.0,36.19,22.75,0.0,0.0,0.0,0.0,0.0,0.0,0.0,0.0,0.0,0.0
2022,2021-07-15,0.0,36.59,19.81,0.0,0.0,0.0,0.0,0.0,0.0,0.0,0.0,0.0,0.0
2023,2021-07-16,0.0,35.73,19.52,0.0,0.0,0.0,0.0,0.0,0.0,0.0,0.0,0.0,0.0
2024,2021-07-17,0.0,36.45,19.97,0.0,0.0,0.0,0.0,0.0,0.0,0.0,0.0,0.0,0.0
2025,2021-07-18,0.0,39.36,20.71,0.0,0.0,0.0,0.0,0.0,0.0,0.0,0.0,0.0,0.0
2026,2021-07-19,0.29,35.59,22.78,0.0,0.0,0.0,0.0,0.0,0.0,0.0,0.0,0.0,0.0
2027,2021-07-20,0.0,34.74,21.59,0.0,0.0,0.0,0.0,0.0,0.0,0.0,0.0,0.0,0.0
2028,2021-07-21,0.0,36.94,21.55,0.0,0.0,0.0,0.0,0.0,0.0,0.0,0.0,0.0,0.0
2029,2021-07-22,0.0,36.62,22.19,0.0,0.0,0.0,0.0,0.0,0.0,0.0,0.0,0.0,0.0
2030,2021-07-23,0.0,35.32,21.35,0.0,0.0,0.0,0.0,0.0,0.0,0.0,0.0,0.0,0.0
2031,2021-07-24,0.0,36.84,17.81,0.0,0.0,0.0,0.0,0.0,0.0,0.0,0.0,0.0,0.0
2032,2021-07-25,0.0,35.55,18.72,0.0,0.0,0.0,0.0,0.0,0.0,0.0,0.0,0.0,0.0
2033,2021-07-26,0.0,36.43,18.86,0.0,0.0,0.0,0.0,0.0,0.0,0.0,0.0,0.0,0.0
2034,2021-07-27,0.0,35.55,22.67,0.0,0.0,0.0,0.0,0.0,0.0,0.0,0.0,0.0,0.0
2035,2021-07-28,4.23,35.5,21.24,0.0,0.0,0.0,0.0,0.0,0.0,0.0,0.0,0.0,0.0
2036,2021-07-29,1.46,33.32,19.61,0.0,0.0,0.0,0.0,0.0,0.0,0.0,0.0,0.0,0.0
2037,2021-07-30,0.0,31.73,19.8,0.0,0.0,0.0,0.0,0.0,0.0,0.0,0.0,0.0,0.0
2038,2021-07-31,0.43,34.89,19.81,0.0,0.0,0.0,0.0,0.0,0.0,0.0,0.0,0.0,0.0
2039,2021-08-01,9.74,32.27,18.73,0.0,0.0,0.0,0.0,0.0,0.0,0.0,0.0,0.0,0.0
2040,2021-08-02,0.0,27.87,18.56,0.0,0.0,0.0,0.0,0.0,0.0,0.0,0.0,0.0,0.0
2041,2021-08-03,0.0,31.94,16.15,0.0,0.0,0.0,0.0,0.0,0.0,0.0,0.0,0.0,0.0
2042,2021-08-04,0.0,34.73,16.62,0.0,0.0,0.0,0.0,0.0,0.0,0.0,0.0,0.0,0.0
2043,2021-08-05,0.0,38.93,19.31,0.0,0.0,0.0,0.0,0.0,0.0,0.0,0.0,0.0,0.0
2044,2021-08-06,0.0,30.71,18.18,0.0,0.0,0.0,0.0,0.0,0.0,0.0,0.0,0.0,0.0
2045,2021-08-07,0.0,30.03,14.97,0.0,0.0,0.0,0.0,0.0,0.0,0.0,0.0,0.0,0.0
2046,2021-08-08,0.0,35.0,16.42,0.0,0.0,0.0,0.0,0.0,0.0,0.0,0.0,0.0,0.0
2047,2021-08-09,0.0,29.56,16.6,0.0,0.0,0.0,0.0,0.0,0.0,0.0,0.0,0.0,0.0
2048,2021-08-10,0.0,32.35,14.2,0.0,0.0,0.0,0.0,0.0,0.0,0.0,0.0,0.0,0.0
2049,2021-08-11,0.0,33.4,15.51,0.0,0.0,0.0,0.0,0.0,0.0,0.0,0.0,0.0,0.0
2050,2021-08-12,0.0,36.13,17.26,0.0,0.0,0.0,0.0,0.0,0.0,0.0,0.0,0.0,0.0
2051,2021-08-13,0.0,37.49,18.7,0.0,0.0,0.0,0.0,0.0,0.0,0.0,0.0,0.0,0.0
2052,2021-08-14,0.0,37.76,19.81,0.0,0.0,0.0,0.0,0.0,0.0,0.0,0.0,0.0,0.0
2053,2021-08-15,0.0,34.63,19.38,0.0,0.0,0.0,0.0,0.0,0.0,0.0,0.0,0.0,0.0
2054,2021-08-16,0.0,35.65,17.79,0.0,0.0,0.0,0.0,0.0,0.0,0.0,0.0,0.0,0.0
2055,2021-08-17,0.59,36.68,21.88,0.0,0.0,0.0,0.0,0.0,0.0,0.0,0.0,0.0,0.0
2056,2021-08-18,18.75,23.26,14.7,0.0,0.0,0.0,0.0,0.0,0.0,0.0,0.0,0.0,0.0
2057,2021-08-19,13.26,15.27,10.83,0.0,0.0,0.0,0.0,0.0,0.0,0.0,0.0,0.0,0.0
2058,2021-08-20,0.0,24.72,10.79,0.0,0.0,0.0,0.0,0.0,0.0,0.0,0.0,0.0,0.0
2059,2021-08-21,14.82,28.64,12.95,0.0,0.0,0.0,0.0,0.0,0.0,0.0,0.0,0.0,0.0
2060,2021-08-22,0.0,27.31,12.89,0.0,0.0,0.0,0.0,0.0,0.0,0.0,0.0,0.0,0.0
2061,2021-08-23,0.0,32.09,16.19,0.0,0.0,0.0,0.0,0.0,0.0,0.0,0.0,0.0,0.0
2062,2021-08-24,0.0,32.69,14.74,0.0,0.0,0.0,0.0,0.0,0.0,0.0,0.0,0.0,0.0
2063,2021-08-25,0.0,33.43,17.63,0.0,0.0,0.0,0.0,0.0,0.0,0.0,0.0,0.0,0.0
2064,2021-08-26,0.0,30.75,16.32,0.0,0.0,0.0,0.0,0.0,0.0,0.0,0.0,0.0,0.0
2065,2021-08-27,0.0,29.25,13.11,0.0,0.0,0.0,0.0,0.0,0.0,0.0,0.0,0.0,0.0
2066,2021-08-28,0.0,28.54,12.91,0.0,0.0,0.0,0.0,0.0,0.0,0.0,0.0,0.0,0.0
2067,2021-08-29,0.0,30.01,12.69,0.0,0.0,0.0,0.0,0.0,0.0,0.0,0.0,0.0,0.0
2068,2021-08-30,0.0,31.82,15.52,0.0,0.0,0.0,0.0,0.0,0.0,0.0,0.0,0.0,0.0
2069,2021-08-31,0.0,32.47,16.67,0.0,0.0,0.0,0.0,0.0,0.0,0.0,0.0,0.0,0.0
2070,2021-09-01,0.0,29.11,18.85,0.0,0.0,0.0,0.0,0.0,0.0,0.0,0.0,0.0,0.0
2071,2021-09-02,0.0,29.47,17.08,0.0,0.0,0.0,0.0,0.0,0.0,0.0,0.0,0.0,0.0
2072,2021-09-03,0.0,27.4,14.07,0.0,0.0,0.0,0.0,0.0,0.0,0.0,0.0,0.0,0.0
2073,2021-09-04,0.0,29.78,11.4,0.0,0.0,0.0,0.0,0.0,0.0,0.0,0.0,0.0,0.0
2074,2021-09-05,0.0,32.74,13.65,0.0,0.0,0.0,0.0,0.0,0.0,0.0,0.0,0.0,0.0
2075,2021-09-06,0.0,33.14,15.22,0.0,0.0,0.0,0.0,0.0,0.0,0.0,0.0,0.0,0.0
2076,2021-09-07,0.0,33.17,15.6,0.0,0.0,0.0,0.0,0.0,0.0,0.0,0.0,0.0,0.0
2077,2021-09-08,0.0,33.08,14.88,0.0,0.0,0.0,0.0,0.0,0.0,0.0,0.0,0.0,0.0
2078,2021-09-09,0.0,35.57,15.62,0.0,0.0,0.0,0.0,0.0,0.0,0.0,0.0,0.0,0.0
2079,2021-09-10,1.27,34.74,17.27,0.0,0.0,0.0,0.0,0.0,0.0,0.0,0.0,0.0,0.0
2080,2021-09-11,1.31,26.82,15.39,0.0,0.0,0.0,0.0,0.0,0.0,0.0,0.0,0.0,0.0
2081,2021-09-12,0.0,30.45,16.02,0.0,0.0,0.0,0.0,0.0,0.0,0.0,0.0,0.0,0.0
2082,2021-09-13,0.0,29.27,15.15,0.0,0.0,0.0,0.0,0.0,0.0,0.0,0.0,0.0,0.0
2083,2021-09-14,0.0,28.37,12.95,0.0,0.0,0.0,0.0,0.0,0.0,0.0,0.0,0.0,0.0
2084,2021-09-15,0.0,30.81,12.64,0.0,0.0,0.0,0.0,0.0,0.0,0.0,0.0,0.0,0.0
2085,2021-09-16,0.0,29.3,13.39,0.0,0.0,0.0,0.0,0.0,0.0,0.0,0.0,0.0,0.0
2086,2021-09-17,0.0,29.99,11.43,0.0,0.0,0.0,0.0,0.0,0.0,0.0,0.0,0.0,0.0
2087,2021-09-18,0.0,26.69,15.61,0.0,0.0,0.0,0.0,0.0,0.0,0.0,0.0,0.0,0.0
2088,2021-09-19,0.0,24.47,12.21,0.0,0.0,0.0,0.0,0.0,0.0,0.0,0.0,0.0,0.0
2089,2021-09-20,0.0,18.58,4.76,0.0,0.0,0.0,0.0,0.0,0.0,0.0,0.0,0.0,0.0
2090,2021-09-21,0.0,22.37,5.37,0.0,0.0,0.0,0.0,0.0,0.0,0.0,0.0,0.0,0.0
2091,2021-09-22,0.0,26.65,7.79,0.0,0.0,0.0,0.0,0.0,0.0,0.0,0.0,0.0,0.0
2092,2021-09-23,0.0,26.71,9.66,0.0,0.0,0.0,0.0,0.0,0.0,0.0,0.0,0.0,0.0
2093,2021-09-24,0.0,27.17,9.62,0.0,0.0,0.0,0.0,0.0,0.0,0.0,0.0,0.0,0.0
2094,2021-09-25,0.0,28.97,11.89,0.0,0.0,0.0,0.0,0.0,0.0,0.0,0.0,0.0,0.0
2095,2021-09-26,0.0,30.74,12.54,0.0,0.0,0.0,0.0,0.0,0.0,0.0,0.0,0.0,0.0
2096,2021-09-27,0.0,30.52,13.4,0.0,0.0,0.0,0.0,0.0,0.0,0.0,0.0,0.0,0.0
2097,2021-09-28,0.0,22.37,9.37,0.0,0.0,0.0,0.0,0.0,0.0,0.0,0.0,0.0,0.0
2098,2021-09-29,0.0,18.92,4.32,0.0,0.0,0.0,0.0,0.0,0.0,0.0,0.0,0.0,0.0
2099,2021-09-30,0.0,21.54,4.4,0.0,0.0,0.0,0.0,0.0,0.0,0.0,0.0,0.0,0.0
2100,2021-10-01,0.0,22.59,6.56,0.0,0.0,0.0,0.0,0.0,0.0,0.0,0.0,0.0,0.0
2101,2021-10-02,0.0,24.17,8.44,0.0,0.0,0.0,0.0,0.0,0.0,0.0,0.0,0.0,0.0
2102,2021-10-03,0.0,26.37,8.72,0.0,0.0,0.0,0.0,0.0,0.0,0.0,0.0,0.0,0.0
2103,2021-10-04,0.0,28.64,9.35,0.0,0.0,0.0,0.0,0.0,0.0,0.0,0.0,0.0,0.0
2104,2021-10-05,0.0,27.12,11.06,0.0,0.0,0.0,0.0,0.0,0.0,0.0,0.0,0.0,0.0
2105,2021-10-06,4.01,21.46,12.84,0.0,0.0,0.0,0.0,0.0,0.0,0.0,0.0,0.0,0.0
2106,2021-10-07,8.81,20.39,11.29,0.0,0.0,0.0,0.0,0.0,0.0,0.0,0.0,0.0,0.0
2107,2021-10-08,14.69,16.09,9.88,0.0,0.0,0.0,0.0,0.0,0.0,0.0,0.0,0.0,0.0
2108,2021-10-09,5.02,11.63,8.16,0.0,0.0,0.0,0.0,0.0,0.0,0.00508,0.0,0.0,0.0
2109,2021-10-10,0.0,14.94,6.07,0.0,0.0,0.0,0.0,0.0,0.0076199999999999,0.00508,0.0,0.0,0.0
2110,2021-10-11,3.6,16.54,5.05,0.0,0.0,0.0,0.0,0.0,0.0,0.0,0.0,0.0,0.0
2111,2021-10-12,0.0,9.49,2.14,0.00508,0.01016,0.0076199999999999,0.01016,0.0076199999999999,0.02032,0.0304799999999999,0.01016,0.0,0.0127
2112,2021-10-13,0.67,9.52,1.93,0.01016,0.0152399999999999,0.02032,0.01016,0.0127,0.0254,0.0380999999999999,0.0152399999999999,0.0,0.0152399999999999
2113,2021-10-14,0.45,8.37,2.04,0.01016,0.0152399999999999,0.02032,0.01016,0.0127,0.02032,0.0355599999999999,0.0152399999999999,0.0,0.0152399999999999
2114,2021-10-15,0.0,12.44,0.6,0.0076199999999999,0.0152399999999999,0.02032,0.01016,0.0127,0.0304799999999999,0.04064,0.0254,0.0,0.0152399999999999
2115,2021-10-16,0.0,16.67,1.02,0.00508,0.0152399999999999,0.02032,0.01016,0.0152399999999999,0.02794,0.04064,0.0254,0.0,0.01016
2116,2021-10-17,0.0,22.93,5.22,0.00508,0.0152399999999999,0.02032,0.01016,0.0,0.02286,0.0380999999999999,0.0177799999999999,0.0,0.01016
2117,2021-10-18,23.85,17.07,5.86,0.00254,0.0076199999999999,0.02032,0.00508,0.0,0.0177799999999999,0.03302,0.00508,0.0,0.0
2118,2021-10-19,7.66,9.97,1.46,0.01016,0.01016,0.02286,0.0127,0.0127,0.0177799999999999,0.0431799999999999,0.00508,0.01016,0.0076199999999999
2119,2021-10-20,0.0,16.62,2.34,0.0152399999999999,0.02032,0.0304799999999999,0.0177799999999999,0.02032,0.0254,0.04572,0.0076199999999999,0.00508,0.0177799999999999
2120,2021-10-21,0.0,20.17,5.21,0.0152399999999999,0.02032,0.0304799999999999,0.0177799999999999,0.0152399999999999,0.02286,0.04572,0.0,0.0,0.0177799999999999
2121,2021-10-22,0.0,22.09,6.2,0.0152399999999999,0.02032,0.0304799999999999,0.0152399999999999,0.0076199999999999,0.02032,0.0431799999999999,0.0,0.0,0.0177799999999999
2122,2021-10-23,5.99,14.0,5.42,0.0127,0.02032,0.0304799999999999,0.01016,0.0,0.0177799999999999,0.04064,0.0,0.0,0.0152399999999999
2123,2021-10-24,1.59,17.08,5.43,0.0127,0.02032,0.02794,0.00508,0.0,0.02032,0.04572,0.0,0.0,0.01016
2124,2021-10-25,19.33,19.3,5.88,0.01016,0.02032,0.02794,0.0,0.0,0.0127,0.04572,0.0,0.0,0.0
2125,2021-10-26,0.0,10.26,4.03,0.0076199999999999,0.02794,0.0254,0.01016,0.0127,0.02286,0.0508,0.0076199999999999,0.0,0.0
2126,2021-10-27,0.0,12.8,5.31,0.0076199999999999,0.0355599999999999,0.03302,0.0127,0.01016,0.0304799999999999,0.05334,0.0076199999999999,0.0,0.0
2127,2021-10-28,0.0,16.8,5.98,0.00508,0.0355599999999999,0.03302,0.01016,0.01016,0.0304799999999999,0.05334,0.0076199999999999,0.0,0.0
2128,2021-10-29,0.0,18.69,4.55,0.0,0.0304799999999999,0.0304799999999999,0.0,0.01016,0.02794,0.05334,0.0,0.0,0.0
2129,2021-10-30,0.0,17.87,6.12,0.0,0.0304799999999999,0.02794,0.0,0.0,0.0254,0.05334,0.0,0.0,0.0
2130,2021-10-31,0.0,19.91,7.18,0.0,0.0304799999999999,0.02794,0.0,0.0,0.02286,0.0508,0.0,0.0,0.0
2131,2021-11-01,4.95,16.69,7.97,0.0,0.02794,0.02794,0.0,0.0,0.0127,0.0508,0.0,0.0,0.0
2132,2021-11-02,2.85,13.34,6.71,0.0,0.02794,0.02286,0.0,0.0,0.0,0.04826,0.0,0.0,0.0
2133,2021-11-03,0.0,14.97,3.82,0.0,0.03302,0.02032,0.0,0.0,0.0,0.0508,0.0,0.0,0.0
2134,2021-11-04,0.0,18.22,3.49,0.0,0.0355599999999999,0.0177799999999999,0.0,0.0,0.0,0.0508,0.0,0.0,0.0
2135,2021-11-05,0.0,17.83,4.78,0.0,0.0355599999999999,0.02032,0.0,0.0,0.0,0.04826,0.0,0.0,0.0
2136,2021-11-06,0.0,17.86,6.0,0.0,0.03302,0.0177799999999999,0.0,0.0,0.0,0.04572,0.0,0.0,0.0
2137,2021-11-07,0.0,11.31,4.72,0.0,0.03302,0.0177799999999999,0.0,0.0,0.0,0.0431799999999999,0.0,0.0,0.0
2138,2021-11-08,0.0,10.79,2.45,0.0,0.03302,0.0127,0.0,0.0,0.0,0.0431799999999999,0.0,0.0,0.0
2139,2021-11-09,10.18,9.93,1.93,0.0,0.03302,0.0127,0.0,0.00508,0.0,0.04064,0.0,0.0,0.0
2140,2021-11-10,0.0,10.34,3.96,0.01016,0.04826,0.02286,0.0076199999999999,0.0127,0.01016,0.06604,0.00508,0.00508,0.0076199999999999
2141,2021-11-11,0.0,9.99,4.17,0.0076199999999999,0.04826,0.02286,0.00508,0.0127,0.01016,0.06604,0.00508,0.00508,0.00508
2142,2021-11-12,0.0,16.43,6.57,0.0076199999999999,0.04826,0.02286,0.00508,0.01016,0.01016,0.0711199999999999,0.0,0.00508,0.00508
2143,2021-11-13,0.0,16.6,5.46,0.0,0.04826,0.0177799999999999,0.0,0.00508,0.0,0.0711199999999999,0.0,0.00254,0.0
2144,2021-11-14,0.0,18.05,5.23,0.0,0.04826,0.0177799999999999,0.0,0.00254,0.0,0.06858,0.0,0.0,0.0
2145,2021-11-15,0.0,19.64,6.41,0.0,0.04826,0.0177799999999999,0.0,0.00254,0.0,0.06858,0.0,0.0,0.0
2146,2021-11-16,0.0,14.08,1.44,0.0,0.04826,0.0177799999999999,0.0,0.0,0.0,0.06858,0.0,0.0,0.0
2147,2021-11-17,0.0,6.16,-4.18,0.0,0.04826,0.0152399999999999,0.0,0.0,0.00254,0.0711199999999999,0.0,0.0,0.0
2148,2021-11-18,0.0,7.41,-3.87,0.0,0.04826,0.0152399999999999,0.0,0.0,0.00254,0.0711199999999999,0.0,0.0,0.0
2149,2021-11-19,1.32,9.33,1.24,0.0,0.04826,0.0177799999999999,0.0,0.01016,0.0,0.0711199999999999,0.0,0.0,0.0
2150,2021-11-20,0.0,9.42,1.85,0.0,0.04826,0.0177799999999999,0.0,0.0127,0.00508,0.0761999999999999,0.00254,0.0,0.00508
2151,2021-11-21,0.0,8.69,-2.4,0.00508,0.05334,0.0177799999999999,0.01016,0.0127,0.00508,0.0761999999999999,0.00254,0.0,0.00508
2152,2021-11-22,0.0,8.63,-2.16,0.00508,0.05334,0.02032,0.01016,0.0127,0.00508,0.0761999999999999,0.0,0.0,0.00508
2153,2021-11-23,0.0,11.97,-1.66,0.0076199999999999,0.05334,0.02032,0.01016,0.0127,0.00508,0.0711199999999999,0.0,0.0,0.00508
2154,2021-11-24,0.0,6.51,-1.57,0.0076199999999999,0.05334,0.02032,0.01016,0.0127,0.00508,0.0711199999999999,0.0,0.0,0.00508
2155,2021-11-25,0.0,6.9,-3.47,0.01016,0.05334,0.02032,0.01016,0.0127,0.00508,0.0711199999999999,0.0,0.0,0.00508
2156,2021-11-26,0.0,7.33,-2.73,0.01016,0.05334,0.02032,0.01016,0.0127,0.01016,0.0711199999999999,0.0,0.0,0.00508
2157,2021-11-27,0.0,9.92,-1.82,0.0127,0.05588,0.02032,0.01016,0.0127,0.01016,0.06858,0.0,0.0,0.01016
2158,2021-11-28,0.0,13.41,-0.41,0.0127,0.05588,0.02032,0.01016,0.0127,0.01016,0.06604,0.0,0.0,0.01016
2159,2021-11-29,0.0,13.44,0.7,0.0127,0.05588,0.02032,0.01016,0.0127,0.01016,0.06604,0.0,0.0,0.01016
2160,2021-11-30,0.0,11.25,-0.24,0.0127,0.05588,0.02032,0.01016,0.0127,0.01016,0.0635,0.0,0.0,0.01016
2161,2021-12-01,0.0,12.17,0.11,0.0127,0.05588,0.02032,0.01016,0.0127,0.01016,0.0635,0.0,0.0,0.01016
2162,2021-12-02,0.0,13.22,1.05,0.0127,0.05588,0.02032,0.01016,0.0127,0.01016,0.0635,0.0,0.0,0.01016
2163,2021-12-03,0.0,12.45,0.76,0.0152399999999999,0.05588,0.02032,0.01016,0.0127,0.01016,0.0635,0.0,0.0,0.01016
2164,2021-12-04,0.0,13.09,-0.19,0.0152399999999999,0.05588,0.02032,0.01016,0.0127,0.01016,0.0635,0.0,0.0,0.01016
2165,2021-12-05,0.0,12.14,0.53,0.0152399999999999,0.05588,0.02032,0.01016,0.0127,0.01016,0.06858,0.0,0.0,0.01016
2166,2021-12-06,0.0,7.85,-1.41,0.0152399999999999,0.05588,0.02032,0.01016,0.0127,0.01016,0.06858,0.0,0.0,0.01016
2167,2021-12-07,0.0,10.56,0.36,0.0152399999999999,0.05588,0.02032,0.01016,0.0127,0.01016,0.06858,0.0,0.0,0.01016
2168,2021-12-08,1.95,10.9,-0.66,0.0152399999999999,0.05588,0.02032,0.01016,0.0127,0.01016,0.06858,0.0,0.0,0.01016
2169,2021-12-09,5.63,5.93,-1.24,0.0152399999999999,0.0635,0.02794,0.0127,0.0177799999999999,0.0127,0.0711199999999999,0.00254,0.0,0.0127
2170,2021-12-10,1.78,0.74,-6.49,0.02794,0.0888999999999999,0.05334,0.03302,0.03302,0.03302,0.09652,0.0254,0.0127,0.02032
2171,2021-12-11,0.0,1.15,-6.36,0.0304799999999999,0.1041399999999999,0.06858,0.03302,0.04064,0.04572,0.09906,0.04064,0.0152399999999999,0.02286
2172,2021-12-12,0.0,8.31,-2.54,0.0304799999999999,0.1041399999999999,0.0711199999999999,0.03302,0.04064,0.04572,0.09906,0.04064,0.0152399999999999,0.02286
2173,2021-12-13,0.0,11.45,2.91,0.0304799999999999,0.1041399999999999,0.0736599999999999,0.0380999999999999,0.04064,0.04572,0.09906,0.04064,0.0152399999999999,0.0254
2174,2021-12-14,18.82,12.46,2.65,0.0304799999999999,0.1041399999999999,0.0736599999999999,0.0380999999999999,0.04064,0.04572,0.09906,0.04064,0.0152399999999999,0.0254
2175,2021-12-15,0.0,1.73,-6.25,0.0431799999999999,0.127,0.09144,0.0508,0.0609599999999999,0.06604,0.13462,0.05334,0.02794,0.04064
2176,2021-12-16,2.78,1.86,-5.86,0.0431799999999999,0.127,0.09144,0.05588,0.0635,0.06604,0.13462,0.0635,0.02794,0.04064
2177,2021-12-17,0.0,1.93,-4.6,0.0508,0.1397,0.1016,0.0609599999999999,0.0761999999999999,0.0736599999999999,0.1523999999999999,0.0635,0.0380999999999999,0.04572
2178,2021-12-18,0.0,0.12,-8.69,0.0508,0.1397,0.1016,0.0609599999999999,0.09144,0.0736599999999999,0.1523999999999999,0.0711199999999999,0.0380999999999999,0.0508
2179,2021-12-19,0.0,1.12,-7.55,0.0508,0.1422399999999999,0.1016,0.0609599999999999,0.09144,0.0736599999999999,0.15748,0.0711199999999999,0.0380999999999999,0.0508
2180,2021-12-20,0.0,4.38,-4.12,0.0508,0.14478,0.1016,0.0609599999999999,0.09144,0.0761999999999999,0.16002,0.0711199999999999,0.0380999999999999,0.0508
2181,2021-12-21,0.0,4.92,-4.12,0.0508,0.14478,0.1016,0.0609599999999999,0.09144,0.0761999999999999,0.16002,0.0711199999999999,0.0380999999999999,0.0508
2182,2021-12-22,0.0,3.4,-4.31,0.0508,0.14478,0.1016,0.0609599999999999,0.09144,0.0761999999999999,0.16002,0.0711199999999999,0.0380999999999999,0.0508
2183,2021-12-23,3.93,9.48,-1.07,0.0508,0.14478,0.1016,0.0609599999999999,0.09144,0.0761999999999999,0.16002,0.0711199999999999,0.04064,0.0508
2184,2021-12-24,0.0,7.03,1.68,0.08128,0.17526,0.1219199999999999,0.0711199999999999,0.11938,0.09652,0.18288,0.0863599999999999,0.05588,0.0711199999999999
2185,2021-12-25,0.0,10.15,0.76,0.09906,0.19304,0.127,0.08128,0.13462,0.09906,0.1905,0.09144,0.06604,0.08128
2186,2021-12-26,1.67,5.27,-2.67,0.1041399999999999,0.19558,0.13208,0.08128,0.13462,0.09906,0.19558,0.09398,0.06604,0.0838199999999999
2187,2021-12-27,0.14,4.24,-4.27,0.12446,0.2209799999999999,0.1473199999999999,0.09398,0.15748,0.11176,0.2209799999999999,0.1041399999999999,0.0736599999999999,0.09652
2188,2021-12-28,0.0,-3.05,-6.36,0.1422399999999999,0.2336799999999999,0.16002,0.1016,0.1651,0.12446,0.2311399999999999,0.1143,0.07874,0.1041399999999999
2189,2021-12-29,3.55,0.69,-8.01,0.14986,0.2438399999999999,0.16256,0.1041399999999999,0.17018,0.12446,0.23622,0.1168399999999999,0.07874,0.1041399999999999
2190,2021-12-30,5.98,4.7,-2.87,0.14986,0.24892,0.1676399999999999,0.1041399999999999,0.1727199999999999,0.13208,0.2463799999999999,0.12954,0.0863599999999999,0.1143
2191,2021-12-31,0.31,1.18,-7.43,0.17018,0.2794,0.19304,0.12446,0.2057399999999999,0.16256,0.27432,0.16002,0.1016,0.13462
2192,2022-01-01,0.0,-4.54,-14.7,0.18288,0.2844799999999999,0.19812,0.127,0.21844,0.1727199999999999,0.2844799999999999,0.1651,0.1016,0.13462
2193,2022-01-02,0.0,-2.85,-14.27,0.18288,0.2844799999999999,0.19812,0.127,0.21844,0.1727199999999999,0.2844799999999999,0.1651,0.1016,0.13462
2194,2022-01-03,0.0,1.53,-9.33,0.18288,0.28956,0.20066,0.13208,0.21844,0.1727199999999999,0.2844799999999999,0.1651,0.1016,0.13462
2195,2022-01-04,1.9,4.55,-5.34,0.18542,0.28956,0.2032,0.13462,0.21844,0.1727199999999999,0.2844799999999999,0.1651,0.10668,0.13462
2196,2022-01-05,15.18,5.1,-0.61,0.19304,0.28956,0.2032,0.1397,0.22352,0.17526,0.28702,0.1676399999999999,0.10922,0.14478
2197,2022-01-06,1.1,8.58,1.13,0.2032,0.31242,0.23622,0.16002,0.27686,0.2286,0.32004,0.2463799999999999,0.13716,0.1905
2198,2022-01-07,0.0,12.32,1.92,0.21082,0.31496,0.23876,0.1676399999999999,0.2819399999999999,0.23622,0.32512,0.25654,0.13716,0.19558
2199,2022-01-08,0.0,6.4,-2.22,0.21082,0.32004,0.2463799999999999,0.1727199999999999,0.2844799999999999,0.2413,0.32512,0.25908,0.13716,0.19558
2200,2022-01-09,0.0,3.6,-5.63,0.21082,0.32258,0.2463799999999999,0.1727199999999999,0.2844799999999999,0.2463799999999999,0.3302,0.26416,0.13716,0.19558
2201,2022-01-10,0.0,3.71,-6.15,0.21082,0.32258,0.2463799999999999,0.1727199999999999,0.2844799999999999,0.2463799999999999,0.3302,0.26416,0.13716,0.19558
2202,2022-01-11,0.0,4.09,-6.12,0.21082,0.32258,0.2463799999999999,0.1727199999999999,0.2844799999999999,0.2463799999999999,0.3302,0.2667,0.13716,0.19558
2203,2022-01-12,0.0,6.48,-3.62,0.21082,0.32258,0.2463799999999999,0.1727199999999999,0.2844799999999999,0.2463799999999999,0.3302,0.2667,0.13716,0.19558
2204,2022-01-13,0.0,6.92,-2.48,0.21082,0.32258,0.2463799999999999,0.1727199999999999,0.2844799999999999,0.2463799999999999,0.3302,0.2667,0.13716,0.19558
2205,2022-01-14,0.0,6.77,-3.78,0.21336,0.32258,0.2463799999999999,0.1727199999999999,0.2844799999999999,0.2463799999999999,0.3302,0.2667,0.13716,0.19558
2206,2022-01-15,0.0,5.06,-4.67,0.2158999999999999,0.32004,0.2463799999999999,0.1727199999999999,0.2844799999999999,0.2463799999999999,0.3302,0.2667,0.13716,0.19558
2207,2022-01-16,0.0,5.34,-4.26,0.2158999999999999,0.32004,0.2463799999999999,0.1727199999999999,0.2844799999999999,0.2463799999999999,0.3302,0.2667,0.13716,0.19558
2208,2022-01-17,0.0,4.68,-4.51,0.2158999999999999,0.32004,0.2463799999999999,0.1727199999999999,0.2844799999999999,0.2463799999999999,0.3302,0.2667,0.13716,0.19558
2209,2022-01-18,0.0,5.16,-5.12,0.2158999999999999,0.32004,0.2463799999999999,0.1727199999999999,0.2844799999999999,0.2463799999999999,0.3302,0.2667,0.13716,0.19558
2210,2022-01-19,0.0,2.28,-4.74,0.2158999999999999,0.32004,0.2463799999999999,0.1727199999999999,0.2844799999999999,0.2463799999999999,0.3302,0.2667,0.13716,0.19558
2211,2022-01-20,4.68,3.4,-5.91,0.2158999999999999,0.32004,0.2463799999999999,0.1727199999999999,0.2844799999999999,0.2463799999999999,0.3302,0.2667,0.13716,0.19558
2212,2022-01-21,0.0,5.85,-4.48,0.2158999999999999,0.32004,0.2463799999999999,0.1777999999999999,0.28702,0.24892,0.33274,0.26924,0.13716,0.19558
2213,2022-01-22,0.0,2.57,-7.48,0.2158999999999999,0.32004,0.2463799999999999,0.1777999999999999,0.28702,0.24892,0.33274,0.26924,0.13716,0.19558
2214,2022-01-23,0.0,2.96,-6.8,0.2158999999999999,0.32004,0.2463799999999999,0.1777999999999999,0.28702,0.24892,0.33274,0.26924,0.13716,0.19558
2215,2022-01-24,0.66,4.77,-5.97,0.2158999999999999,0.32004,0.2463799999999999,0.1777999999999999,0.28702,0.24892,0.33274,0.26924,0.13716,0.19558
2216,2022-01-25,0.0,6.41,-5.49,0.2158999999999999,0.32004,0.2463799999999999,0.1777999999999999,0.28702,0.25146,0.33274,0.26924,0.13716,0.19558
2217,2022-01-26,0.0,3.18,-7.85,0.2158999999999999,0.32258,0.2463799999999999,0.1777999999999999,0.28956,0.25146,0.3352799999999999,0.2717799999999999,0.13716,0.19812
2218,2022-01-27,0.0,3.89,-8.69,0.2158999999999999,0.32258,0.25146,0.1777999999999999,0.28956,0.25146,0.3352799999999999,0.2717799999999999,0.13716,0.19812
2219,2022-01-28,0.0,3.06,-8.34,0.2158999999999999,0.32258,0.25146,0.1777999999999999,0.28956,0.25146,0.3352799999999999,0.2717799999999999,0.13716,0.19812
2220,2022-01-29,0.0,4.76,-6.34,0.2158999999999999,0.32258,0.25146,0.1777999999999999,0.28956,0.25146,0.3352799999999999,0.2717799999999999,0.13716,0.19812
2221,2022-01-30,0.0,4.97,-6.33,0.2158999999999999,0.32258,0.25146,0.1777999999999999,0.28956,0.25146,0.3352799999999999,0.2717799999999999,0.13716,0.19812
2222,2022-01-31,0.0,6.38,-7.32,0.2158999999999999,0.32258,0.25146,0.1777999999999999,0.28956,0.25146,0.3352799999999999,0.2717799999999999,0.13716,0.19812
2223,2022-02-01,0.47,1.19,-8.16,0.2158999999999999,0.32258,0.25146,0.1777999999999999,0.28956,0.25146,0.3352799999999999,0.2717799999999999,0.13716,0.19812
2224,2022-02-02,0.0,-0.45,-10.12,0.2158999999999999,0.32258,0.25146,0.1777999999999999,0.28956,0.25146,0.3352799999999999,0.2717799999999999,0.13716,0.19812
2225,2022-02-03,0.0,-0.49,-10.97,0.2158999999999999,0.32258,0.25146,0.1777999999999999,0.28956,0.254,0.33782,0.27432,0.13716,0.19812
2226,2022-02-04,0.0,1.84,-10.06,0.2158999999999999,0.32258,0.25146,0.1777999999999999,0.28956,0.254,0.33782,0.27432,0.13716,0.19812
2227,2022-02-05,0.0,5.83,-7.24,0.2158999999999999,0.32258,0.25146,0.1777999999999999,0.28956,0.254,0.33782,0.27432,0.13716,0.19812
2228,2022-02-06,0.0,5.65,-6.59,0.2158999999999999,0.32258,0.25146,0.1777999999999999,0.28956,0.254,0.33782,0.27432,0.13716,0.19812
2229,2022-02-07,0.0,7.45,-5.1,0.2158999999999999,0.32258,0.25146,0.1777999999999999,0.28956,0.254,0.33782,0.27432,0.13716,0.19812
2230,2022-02-08,0.0,9.18,-3.07,0.2158999999999999,0.32258,0.25146,0.1777999999999999,0.28956,0.254,0.33782,0.27432,0.13716,0.19812
2231,2022-02-09,0.0,9.42,-1.86,0.2158999999999999,0.32258,0.25146,0.1777999999999999,0.28956,0.254,0.33782,0.27432,0.13716,0.19812
2232,2022-02-10,0.0,9.66,-2.96,0.2158999999999999,0.32258,0.25146,0.1777999999999999,0.28956,0.254,0.33782,0.27432,0.13716,0.19812
2233,2022-02-11,0.0,11.55,-1.31,0.2158999999999999,0.32258,0.25146,0.1777999999999999,0.28956,0.254,0.33782,0.27432,0.13716,0.19812
2234,2022-02-12,0.0,10.37,-3.76,0.2158999999999999,0.32258,0.25146,0.1777999999999999,0.28956,0.254,0.33782,0.27432,0.13716,0.19812
2235,2022-02-13,0.0,12.74,-2.65,0.2158999999999999,0.32258,0.25146,0.1777999999999999,0.2920999999999999,0.254,0.33782,0.27432,0.13716,0.19812
2236,2022-02-14,0.0,14.07,-0.32,0.2158999999999999,0.32258,0.25146,0.1777999999999999,0.2920999999999999,0.254,0.33782,0.27432,0.13716,0.19812
2237,2022-02-15,0.56,10.84,0.6,0.2158999999999999,0.32258,0.254,0.1777999999999999,0.2920999999999999,0.254,0.33782,0.27432,0.13716,0.19812
2238,2022-02-16,1.29,3.77,-1.5,0.2158999999999999,0.32258,0.25908,0.1777999999999999,0.2920999999999999,0.254,0.33782,0.27432,0.13716,0.19812
2239,2022-02-17,0.0,5.6,-5.87,0.2158999999999999,0.33274,0.26416,0.1803399999999999,0.2946399999999999,0.25908,0.34036,0.27686,0.13716,0.2032
2240,2022-02-18,0.0,9.66,-3.55,0.2158999999999999,0.33274,0.26416,0.1803399999999999,0.2946399999999999,0.25908,0.34036,0.27686,0.1397,0.2032
2241,2022-02-19,0.0,12.78,-1.75,0.2158999999999999,0.33274,0.2667,0.1803399999999999,0.2946399999999999,0.25908,0.34036,0.27686,0.1397,0.2032
2242,2022-02-20,0.0,13.3,0.23,0.2158999999999999,0.33274,0.2667,0.1803399999999999,0.2946399999999999,0.25908,0.34036,0.27686,0.1397,0.2032
2243,2022-02-21,0.0,4.7,-2.46,0.2158999999999999,0.33274,0.2667,0.18288,0.2946399999999999,0.25908,0.34036,0.27686,0.1397,0.2032
2244,2022-02-22,0.34,1.64,-5.34,0.2158999999999999,0.33782,0.27432,0.18288,0.2946399999999999,0.2667,0.3454399999999999,0.27686,0.1422399999999999,0.2032
2245,2022-02-23,0.0,-2.58,-9.59,0.2158999999999999,0.34036,0.27432,0.18288,0.2971799999999999,0.27432,0.35306,0.2819399999999999,0.1422399999999999,0.2057399999999999
2246,2022-02-24,1.42,-2.2,-11.18,0.2158999999999999,0.34036,0.27432,0.18288,0.2971799999999999,0.27686,0.3555999999999999,0.2844799999999999,0.1422399999999999,0.2057399999999999
2247,2022-02-25,0.0,-1.14,-9.6,0.2158999999999999,0.35052,0.2844799999999999,0.18288,0.29972,0.2794,0.3606799999999999,0.28702,0.1422399999999999,0.2057399999999999
2248,2022-02-26,0.0,1.26,-11.79,0.2158999999999999,0.35052,0.2844799999999999,0.18796,0.29972,0.2794,0.3606799999999999,0.28702,0.1422399999999999,0.2057399999999999
2249,2022-02-27,0.0,4.17,-9.07,0.2158999999999999,0.3555999999999999,0.2844799999999999,0.1905,0.29972,0.2794,0.3606799999999999,0.28702,0.1422399999999999,0.2057399999999999
2250,2022-02-28,0.0,9.24,-5.31,0.2158999999999999,0.3555999999999999,0.2844799999999999,0.1905,0.29972,0.2794,0.3606799999999999,0.28702,0.1422399999999999,0.2057399999999999
2251,2022-03-01,0.0,13.15,-0.71,0.2158999999999999,0.3555999999999999,0.2844799999999999,0.1905,0.29972,0.2794,0.3606799999999999,0.28702,0.1422399999999999,0.2057399999999999
2252,2022-03-02,0.0,17.28,2.31,0.2158999999999999,0.3555999999999999,0.2844799999999999,0.1905,0.29972,0.2794,0.3606799999999999,0.28702,0.1422399999999999,0.2057399999999999
2253,2022-03-03,0.0,19.92,5.01,0.2158999999999999,0.3555999999999999,0.2844799999999999,0.1905,0.29972,0.2794,0.3606799999999999,0.2819399999999999,0.1397,0.2057399999999999
2254,2022-03-04,0.7,15.65,5.62,0.2158999999999999,0.3555999999999999,0.2844799999999999,0.1905,0.29972,0.27432,0.3606799999999999,0.2717799999999999,0.13208,0.2057399999999999
2255,2022-03-05,7.79,7.99,1.79,0.2158999999999999,0.3555999999999999,0.2920999999999999,0.1905,0.29972,0.27432,0.36322,0.27432,0.12446,0.2057399999999999
2256,2022-03-06,1.91,2.86,-3.47,0.22352,0.37084,0.3047999999999999,0.19812,0.31242,0.2946399999999999,0.37592,0.2946399999999999,0.1397,0.2311399999999999
2257,2022-03-07,0.0,3.62,-6.33,0.22352,0.37338,0.30988,0.2032,0.32004,0.30734,0.381,0.3047999999999999,0.1397,0.23622
2258,2022-03-08,6.24,3.94,-2.89,0.22352,0.37846,0.31496,0.2057399999999999,0.32004,0.30734,0.381,0.3047999999999999,0.1397,0.23622
2259,2022-03-09,0.0,2.95,-4.14,0.23622,0.38608,0.32004,0.2082799999999999,0.3429,0.3302,0.38608,0.32258,0.14478,0.24892
2260,2022-03-10,0.0,-0.06,-9.11,0.254,0.3937,0.32766,0.21336,0.36322,0.3429,0.3937,0.3352799999999999,0.14986,0.25146
2261,2022-03-11,0.0,5.13,-9.71,0.254,0.3937,0.32766,0.21336,0.36322,0.3429,0.3937,0.3352799999999999,0.14986,0.25146
2262,2022-03-12,0.0,12.24,-1.68,0.254,0.3987799999999999,0.3302,0.21336,0.36576,0.3429,0.39624,0.3352799999999999,0.1523999999999999,0.254
2263,2022-03-13,2.5,10.52,0.83,0.254,0.3987799999999999,0.3302,0.2209799999999999,0.36576,0.3479799999999999,0.3987799999999999,0.33782,0.1523999999999999,0.254
2264,2022-03-14,0.0,10.38,-1.65,0.254,0.42164,0.3429,0.2286,0.38608,0.3581399999999999,0.40894,0.35052,0.1523999999999999,0.26416
2265,2022-03-15,2.51,15.77,-0.41,0.25654,0.42164,0.3429,0.2286,0.38608,0.3581399999999999,0.40894,0.35052,0.15748,0.26416
2266,2022-03-16,0.0,10.95,1.04,0.25654,0.42164,0.3479799999999999,0.2286,0.38862,0.3581399999999999,0.41402,0.35052,0.1473199999999999,0.26416
2267,2022-03-17,0.0,9.87,-2.95,0.25654,0.42164,0.3479799999999999,0.2286,0.38862,0.3581399999999999,0.41402,0.35052,0.1473199999999999,0.26416
2268,2022-03-18,0.0,13.47,-0.73,0.25654,0.42164,0.3479799999999999,0.2286,0.38862,0.3581399999999999,0.41402,0.35052,0.1397,0.26416
2269,2022-03-19,0.0,17.22,1.6,0.25654,0.42164,0.3479799999999999,0.2286,0.38862,0.3555999999999999,0.41402,0.35052,0.12446,0.26416
2270,2022-03-20,1.58,11.32,0.69,0.25654,0.42164,0.3479799999999999,0.2311399999999999,0.38862,0.35052,0.41402,0.35052,0.10668,0.26416
2271,2022-03-21,0.0,8.36,-2.63,0.25908,0.42672,0.35052,0.2311399999999999,0.39116,0.3581399999999999,0.4191,0.35052,0.10922,0.26416
2272,2022-03-22,0.0,12.7,-1.87,0.25908,0.42672,0.35052,0.2311399999999999,0.39116,0.3581399999999999,0.4241799999999999,0.35306,0.10922,0.26416
2273,2022-03-23,0.0,14.62,-0.22,0.25908,0.42672,0.35052,0.2311399999999999,0.39116,0.3581399999999999,0.4241799999999999,0.35306,0.10668,0.26416
2274,2022-03-24,0.0,20.17,3.17,0.25908,0.42672,0.35052,0.2311399999999999,0.39116,0.3581399999999999,0.4241799999999999,0.35052,0.1016,0.26416
2275,2022-03-25,0.0,23.56,6.71,0.25654,0.42672,0.35052,0.2311399999999999,0.38862,0.34036,0.4241799999999999,0.3352799999999999,0.06604,0.25908
2276,2022-03-26,0.0,24.68,9.01,0.25146,0.4191,0.3479799999999999,0.2311399999999999,0.3581399999999999,0.32512,0.4241799999999999,0.32004,0.03302,0.24892
2277,2022-03-27,0.0,25.9,10.75,0.2413,0.4114799999999999,0.3479799999999999,0.22606,0.3352799999999999,0.31242,0.41402,0.2971799999999999,0.01016,0.2413
2278,2022-03-28,0.0,19.91,9.88,0.22606,0.40894,0.3454399999999999,0.21336,0.3175,0.29972,0.40894,0.27432,0.0,0.2336799999999999
2279,2022-03-29,0.72,17.28,5.38,0.2336799999999999,0.41402,0.3454399999999999,0.2082799999999999,0.31242,0.2946399999999999,0.4165599999999999,0.26162,0.0,0.22606
2280,2022-03-30,0.0,16.91,3.56,0.23876,0.4292599999999999,0.3606799999999999,0.21336,0.31496,0.2946399999999999,0.42672,0.25908,0.0,0.2158999999999999
2281,2022-03-31,1.7,11.91,2.9,0.23876,0.4292599999999999,0.3606799999999999,0.2082799999999999,0.29972,0.28702,0.42672,0.25146,0.0,0.21082
2282,2022-04-01,0.0,14.12,-0.63,0.23876,0.4292599999999999,0.3606799999999999,0.2057399999999999,0.29972,0.2920999999999999,0.42672,0.25146,0.0,0.21082
2283,2022-04-02,0.0,18.37,1.3,0.2413,0.4292599999999999,0.3606799999999999,0.2032,0.29972,0.28702,0.42672,0.2463799999999999,0.0,0.21082
2284,2022-04-03,0.0,16.19,1.36,0.22352,0.4292599999999999,0.3606799999999999,0.19558,0.2920999999999999,0.26924,0.42672,0.2336799999999999,0.0,0.2032
2285,2022-04-04,0.0,14.33,1.43,0.22352,0.4292599999999999,0.3606799999999999,0.18796,0.27686,0.25908,0.42672,0.2209799999999999,0.0,0.19812
2286,2022-04-05,0.0,13.09,1.35,0.22606,0.4317999999999999,0.3581399999999999,0.18542,0.28702,0.25146,0.4317999999999999,0.21336,0.0,0.1905
2287,2022-04-06,0.0,10.87,-2.19,0.22606,0.43688,0.36322,0.1905,0.28702,0.25654,0.4445,0.2286,0.0,0.19812
2288,2022-04-07,0.0,16.08,-2.09,0.21336,0.43688,0.36322,0.18288,0.28702,0.254,0.4445,0.2286,0.0,0.19812
2289,2022-04-08,0.0,22.22,3.09,0.19812,0.43688,0.36322,0.1727199999999999,0.28702,0.2413,0.4445,0.21336,0.0,0.19812
2290,2022-04-09,0.0,14.01,3.13,0.1727199999999999,0.43688,0.36322,0.15494,0.27686,0.21336,0.4445,0.1905,0.0,0.19304
2291,2022-04-10,0.0,9.06,-1.52,0.1727199999999999,0.4241799999999999,0.36322,0.1473199999999999,0.2717799999999999,0.2082799999999999,0.43942,0.18288,0.0,0.1905
2292,2022-04-11,8.75,12.86,-0.76,0.16002,0.42164,0.36322,0.1473199999999999,0.25908,0.19304,0.43942,0.17018,0.0,0.1803399999999999
2293,2022-04-12,1.17,3.03,-3.19,0.16256,0.4445,0.37846,0.15748,0.2717799999999999,0.2057399999999999,0.44958,0.18288,0.0152399999999999,0.19558
2294,2022-04-13,1.89,6.04,-2.89,0.1676399999999999,0.45974,0.38862,0.1727199999999999,0.28702,0.2209799999999999,0.45974,0.19812,0.0254,0.2032
2295,2022-04-14,4.65,11.78,-0.25,0.17018,0.4673599999999999,0.39624,0.1727199999999999,0.2971799999999999,0.22606,0.4673599999999999,0.2082799999999999,0.0355599999999999,0.21336
2296,2022-04-15,2.06,13.03,3.43,0.17018,0.47752,0.39624,0.1803399999999999,0.3175,0.2311399999999999,0.47752,0.21082,0.04064,0.2209799999999999
2297,2022-04-16,1.15,15.33,2.25,0.1727199999999999,0.5003799999999999,0.41402,0.18542,0.33274,0.23876,0.47752,0.22352,0.0380999999999999,0.22352
2298,2022-04-17,0.0,15.22,3.49,0.1777999999999999,0.51308,0.4191,0.19304,0.34036,0.23622,0.4927599999999999,0.2286,0.0127,0.2209799999999999
2299,2022-04-18,0.0,22.1,2.47,0.1777999999999999,0.51308,0.4191,0.1803399999999999,0.34036,0.22352,0.4927599999999999,0.21336,0.0,0.2082799999999999
2300,2022-04-19,0.0,19.43,4.22,0.1651,0.508,0.4165599999999999,0.16002,0.32258,0.20066,0.4826,0.1905,0.0,0.1905
2301,2022-04-20,0.0,17.94,3.26,0.1523999999999999,0.5003799999999999,0.4165599999999999,0.1422399999999999,0.32004,0.1777999999999999,0.47752,0.1676399999999999,0.0,0.1777999999999999
2302,2022-04-21,1.39,21.11,6.26,0.13716,0.4927599999999999,0.4064,0.12446,0.30734,0.16002,0.47244,0.1422399999999999,0.0,0.1727199999999999
2303,2022-04-22,3.08,10.74,5.34,0.1168399999999999,0.4876799999999999,0.39624,0.1041399999999999,0.2920999999999999,0.13716,0.45212,0.10922,0.0,0.1473199999999999
2304,2022-04-23,0.0,12.46,3.67,0.13208,0.5054599999999999,0.4064,0.1168399999999999,0.30988,0.14986,0.46482,0.1168399999999999,0.00508,0.1523999999999999
2305,2022-04-24,0.0,14.67,0.77,0.13716,0.51308,0.4114799999999999,0.1219199999999999,0.30988,0.16002,0.4699,0.11938,0.00254,0.14478
2306,2022-04-25,0.0,17.68,2.49,0.13716,0.51308,0.4114799999999999,0.1219199999999999,0.30988,0.16002,0.4699,0.1143,0.0,0.14478
2307,2022-04-26,0.0,20.68,5.84,0.12446,0.51308,0.40386,0.1143,0.3047999999999999,0.15494,0.4699,0.09144,0.0,0.12446
2308,2022-04-27,0.0,23.3,7.42,0.10922,0.51054,0.39624,0.09906,0.28956,0.1422399999999999,0.4673599999999999,0.0635,0.0,0.1041399999999999
2309,2022-04-28,0.0,20.1,8.23,0.09652,0.50292,0.37846,0.06858,0.26162,0.11176,0.43942,0.0355599999999999,0.0,0.07874
2310,2022-04-29,0.0,14.26,4.66,0.0838199999999999,0.49784,0.36322,0.0431799999999999,0.23876,0.0888999999999999,0.4191,0.0177799999999999,0.0,0.0609599999999999
2311,2022-04-30,0.0,18.05,2.8,0.0711199999999999,0.49784,0.3606799999999999,0.02286,0.2438399999999999,0.0838199999999999,0.4191,0.0152399999999999,0.0,0.05588
2312,2022-05-01,1.44,14.15,6.58,0.05588,0.49784,0.3352799999999999,0.0,0.2032,0.05588,0.4165599999999999,0.00508,0.0,0.0304799999999999
2313,2022-05-02,3.04,21.39,7.61,0.0431799999999999,0.49784,0.32258,0.0,0.19304,0.0355599999999999,0.40386,0.0,0.0,0.0127
2314,2022-05-03,2.39,12.84,2.97,0.0304799999999999,0.47752,0.2920999999999999,0.0,0.1651,0.0127,0.37084,0.0,0.0,0.0
2315,2022-05-04,0.0,16.57,4.79,0.0152399999999999,0.47752,0.29972,0.0,0.17526,0.0,0.37084,0.0,0.0,0.0
2316,2022-05-05,0.0,23.46,5.39,0.00254,0.4826,0.30734,0.0,0.17018,0.0,0.37338,0.0,0.0,0.0
2317,2022-05-06,0.0,24.1,10.21,0.0,0.47244,0.2794,0.0,0.13462,0.0,0.35306,0.0,0.0,0.0
2318,2022-05-07,0.0,20.78,8.42,0.0,0.43942,0.2438399999999999,0.0,0.1016,0.0,0.31496,0.0,0.0,0.0
2319,2022-05-08,3.43,17.06,3.08,0.0,0.42164,0.22352,0.0,0.07874,0.0,0.28956,0.0,0.0,0.0
2320,2022-05-09,0.0,10.33,0.51,0.0,0.42164,0.21844,0.0,0.06604,0.0,0.28702,0.0,0.0,0.0
2321,2022-05-10,0.0,16.72,0.5,0.0,0.42164,0.21844,0.0,0.0736599999999999,0.0,0.28702,0.0,0.0,0.0
2322,2022-05-11,5.74,20.94,2.8,0.0,0.42164,0.2032,0.0,0.06858,0.0,0.28702,0.0,0.0,0.0
2323,2022-05-12,0.0,15.67,2.15,0.0,0.40386,0.19558,0.0,0.03302,0.0,0.26416,0.0,0.0,0.0
2324,2022-05-13,0.0,20.11,5.46,0.0,0.4114799999999999,0.1905,0.0,0.0355599999999999,0.0,0.24892,0.0,0.0,0.0
2325,2022-05-14,0.0,25.05,7.16,0.0,0.40132,0.17018,0.0,0.0127,0.0,0.2209799999999999,0.0,0.0,0.0
2326,2022-05-15,0.0,28.86,8.68,0.0,0.3606799999999999,0.13208,0.0,0.0,0.0,0.18542,0.0,0.0,0.0
2327,2022-05-16,0.0,29.8,12.35,0.0,0.32004,0.0863599999999999,0.0,0.0,0.0,0.1473199999999999,0.0,0.0,0.0
2328,2022-05-17,0.0,25.85,14.64,0.0,0.2717799999999999,0.0380999999999999,0.0,0.0,0.0,0.1041399999999999,0.0,0.0,0.0
2329,2022-05-18,0.0,27.45,9.47,0.0,0.2463799999999999,0.01016,0.0,0.0,0.0,0.0635,0.0,0.0,0.0
2330,2022-05-19,0.0,21.41,8.28,0.0,0.2057399999999999,0.0,0.0,0.0,0.0,0.0254,0.0,0.0,0.0
2331,2022-05-20,0.0,13.13,1.62,0.0,0.1803399999999999,0.0,0.0,0.0,0.0,0.0,0.0,0.0,0.0
2332,2022-05-21,0.0,19.2,4.56,0.0,0.1803399999999999,0.0,0.0,0.0,0.0,0.0,0.0,0.0,0.0
2333,2022-05-22,0.0,21.11,5.01,0.0,0.1803399999999999,0.0,0.0,0.0,0.0,0.0,0.0,0.0,0.0
2334,2022-05-23,0.0,18.93,2.27,0.0,0.16256,0.0,0.0,0.0,0.0,0.0,0.0,0.0,0.0
2335,2022-05-24,0.0,22.08,5.63,0.0,0.1422399999999999,0.0,0.0,0.0,0.0,0.0,0.0,0.0,0.0
2336,2022-05-25,0.0,26.37,7.18,0.0,0.11938,0.0,0.0,0.0,0.0,0.0,0.0,0.0,0.0
2337,2022-05-26,0.0,32.51,10.89,0.0,0.08128,0.0,0.0,0.0,0.0,0.0,0.0,0.0,0.0
2338,2022-05-27,0.0,29.48,16.4,0.0,0.04572,0.0,0.0,0.0,0.0,0.0,0.0,0.0,0.0
2339,2022-05-28,12.98,21.86,9.97,0.0,0.0177799999999999,0.0,0.0,0.0,0.0,0.0,0.0,0.0,0.0
2340,2022-05-29,19.88,14.18,6.37,0.0,0.0152399999999999,0.0,0.0,0.0076199999999999,0.0076199999999999,0.0,0.0,0.0,0.0
2341,2022-05-30,6.56,11.11,3.34,0.0,0.0380999999999999,0.0,0.0,0.02032,0.0177799999999999,0.0,0.0,0.0,0.0
2342,2022-05-31,0.0,18.74,3.04,0.0,0.0431799999999999,0.0,0.0,0.02032,0.03302,0.0,0.02032,0.0,0.0
2343,2022-06-01,0.0,22.98,6.93,0.0,0.04572,0.0,0.0,0.0,0.0127,0.0,0.0,0.0,0.0
2344,2022-06-02,0.0,27.55,8.51,0.0,0.02032,0.0,0.0,0.0,0.0,0.0,0.0,0.0,0.0
2345,2022-06-03,0.0,28.57,11.93,0.0,0.01016,0.0,0.0,0.0,0.0,0.0,0.0,0.0,0.0
2346,2022-06-04,0.0,29.25,15.32,0.0,0.0,0.0,0.0,0.0,0.0,0.0,0.0,0.0,0.0
2347,2022-06-05,0.0,25.06,14.79,0.0,0.0,0.0,0.0,0.0,0.0,0.0,0.0,0.0,0.0
2348,2022-06-06,0.0,25.49,13.62,0.0,0.0,0.0,0.0,0.0,0.0,0.0,0.0,0.0,0.0
2349,2022-06-07,0.0,26.09,9.96,0.0,0.0,0.0,0.0,0.0,0.0,0.0,0.0,0.0,0.0
2350,2022-06-08,0.0,30.44,12.47,0.0,0.0,0.0,0.0,0.0,0.0,0.0,0.0,0.0,0.0
2351,2022-06-09,0.0,31.52,14.09,0.0,0.0,0.0,0.0,0.0,0.0,0.0,0.0,0.0,0.0
2352,2022-06-10,0.0,34.16,15.57,0.0,0.0,0.0,0.0,0.0,0.0,0.0,0.0,0.0,0.0
2353,2022-06-11,0.0,34.39,18.04,0.0,0.0,0.0,0.0,0.0,0.0,0.0,0.0,0.0,0.0
2354,2022-06-12,0.0,36.15,18.38,0.0,0.0,0.0,0.0,0.0,0.0,0.0,0.0,0.0,0.0
2355,2022-06-13,2.7,22.02,10.5,0.0,0.0,0.0,0.0,0.0,0.0,0.0,0.0,0.0,0.0
2356,2022-06-14,0.0,19.55,5.12,0.0,0.0,0.0,0.0,0.0,0.0,0.0,0.0,0.0,0.0
2357,2022-06-15,0.0,22.74,4.37,0.0,0.0,0.0,0.0,0.0,0.0,0.0,0.0,0.0,0.0
2358,2022-06-16,0.0,35.04,8.71,0.0,0.0,0.0,0.0,0.0,0.0,0.0,0.0,0.0,0.0
2359,2022-06-17,0.0,37.41,19.24,0.0,0.0,0.0,0.0,0.0,0.0,0.0,0.0,0.0,0.0
2360,2022-06-18,0.0,31.51,22.11,0.0,0.0,0.0,0.0,0.0,0.0,0.0,0.0,0.0,0.0
2361,2022-06-19,4.55,25.3,15.0,0.0,0.0,0.0,0.0,0.0,0.0,0.0,0.0,0.0,0.0
2362,2022-06-20,5.85,20.84,8.11,0.0,0.0,0.0,0.0,0.0,0.0,0.0,0.0,0.0,0.0
2363,2022-06-21,0.0,28.39,7.33,0.0,0.0,0.0,0.0,0.0,0.0,0.0,0.0,0.0,0.0
2364,2022-06-22,0.0,32.02,12.71,0.0,0.0,0.0,0.0,0.0,0.0,0.0,0.0,0.0,0.0
2365,2022-06-23,2.91,33.17,16.71,0.0,0.0,0.0,0.0,0.0,0.0,0.0,0.0,0.0,0.0
2366,2022-06-24,0.0,31.82,14.77,0.0,0.0,0.0,0.0,0.0,0.0,0.0,0.0,0.0,0.0
2367,2022-06-25,0.0,30.9,13.15,0.0,0.0,0.0,0.0,0.0,0.0,0.0,0.0,0.0,0.0
2368,2022-06-26,0.0,33.48,14.0,0.0,0.0,0.0,0.0,0.0,0.0,0.0,0.0,0.0,0.0
2369,2022-06-27,0.0,35.98,17.04,0.0,0.0,0.0,0.0,0.0,0.0,0.0,0.0,0.0,0.0
2370,2022-06-28,0.0,36.59,17.22,0.0,0.0,0.0,0.0,0.0,0.0,0.0,0.0,0.0,0.0
2371,2022-06-29,0.0,34.66,21.17,0.0,0.0,0.0,0.0,0.0,0.0,0.0,0.0,0.0,0.0
2372,2022-06-30,0.0,33.89,20.01,0.0,0.0,0.0,0.0,0.0,0.0,0.0,0.0,0.0,0.0
2373,2022-07-01,0.0,35.36,19.45,0.0,0.0,0.0,0.0,0.0,0.0,0.0,0.0,0.0,0.0
2374,2022-07-02,0.0,36.26,19.88,0.0,0.0,0.0,0.0,0.0,0.0,0.0,0.0,0.0,0.0
2375,2022-07-03,0.0,36.58,21.83,0.0,0.0,0.0,0.0,0.0,0.0,0.0,0.0,0.0,0.0
2376,2022-07-04,0.0,35.23,16.99,0.0,0.0,0.0,0.0,0.0,0.0,0.0,0.0,0.0,0.0
2377,2022-07-05,0.0,35.17,16.79,0.0,0.0,0.0,0.0,0.0,0.0,0.0,0.0,0.0,0.0
2378,2022-07-06,0.0,35.73,20.21,0.0,0.0,0.0,0.0,0.0,0.0,0.0,0.0,0.0,0.0
2379,2022-07-07,0.0,36.83,19.67,0.0,0.0,0.0,0.0,0.0,0.0,0.0,0.0,0.0,0.0
2380,2022-07-08,0.0,37.14,19.18,0.0,0.0,0.0,0.0,0.0,0.0,0.0,0.0,0.0,0.0
2381,2022-07-09,0.0,38.88,19.58,0.0,0.0,0.0,0.0,0.0,0.0,0.0,0.0,0.0,0.0
2382,2022-07-10,0.0,37.23,18.39,0.0,0.0,0.0,0.0,0.0,0.0,0.0,0.0,0.0,0.0
2383,2022-07-11,0.0,36.08,17.11,0.0,0.0,0.0,0.0,0.0,0.0,0.0,0.0,0.0,0.0
2384,2022-07-12,0.0,37.88,18.44,0.0,0.0,0.0,0.0,0.0,0.0,0.0,0.0,0.0,0.0
2385,2022-07-13,0.16,38.78,21.93,0.0,0.0,0.0,0.0,0.0,0.0,0.0,0.0,0.0,0.0
2386,2022-07-14,0.0,37.64,21.61,0.0,0.0,0.0,0.0,0.0,0.0,0.0,0.0,0.0,0.0
2387,2022-07-15,3.99,32.07,20.7,0.0,0.0,0.0,0.0,0.0,0.0,0.0,0.0,0.0,0.0
2388,2022-07-16,0.0,37.03,18.63,0.0,0.0,0.0,0.0,0.0,0.0,0.0,0.0,0.0,0.0
2389,2022-07-17,0.0,39.27,19.15,0.0,0.0,0.0,0.0,0.0,0.0,0.0,0.0,0.0,0.0
2390,2022-07-18,0.0,36.46,21.88,0.0,0.0,0.0,0.0,0.0,0.0,0.0,0.0,0.0,0.0
2391,2022-07-19,0.0,34.36,20.85,0.0,0.0,0.0,0.0,0.0,0.0,0.0,0.0,0.0,0.0
2392,2022-07-20,0.0,36.18,19.67,0.0,0.0,0.0,0.0,0.0,0.0,0.0,0.0,0.0,0.0
2393,2022-07-21,0.0,37.66,20.48,0.0,0.0,0.0,0.0,0.0,0.0,0.0,0.0,0.0,0.0
2394,2022-07-22,0.0,39.19,21.13,0.0,0.0,0.0,0.0,0.0,0.0,0.0,0.0,0.0,0.0
2395,2022-07-23,0.0,37.42,21.35,0.0,0.0,0.0,0.0,0.0,0.0,0.0,0.0,0.0,0.0
2396,2022-07-24,0.0,34.22,21.22,0.0,0.0,0.0,0.0,0.0,0.0,0.0,0.0,0.0,0.0
2397,2022-07-25,0.0,35.07,18.33,0.0,0.0,0.0,0.0,0.0,0.0,0.0,0.0,0.0,0.0
2398,2022-07-26,0.0,36.39,19.42,0.0,0.0,0.0,0.0,0.0,0.0,0.0,0.0,0.0,0.0
2399,2022-07-27,0.0,37.03,19.24,0.0,0.0,0.0,0.0,0.0,0.0,0.0,0.0,0.0,0.0
2400,2022-07-28,0.0,37.72,20.1,0.0,0.0,0.0,0.0,0.0,0.0,0.0,0.0,0.0,0.0
2401,2022-07-29,0.0,36.63,21.58,0.0,0.0,0.0,0.0,0.0,0.0,0.0,0.0,0.0,0.0
2402,2022-07-30,0.0,37.19,20.25,0.0,0.0,0.0,0.0,0.0,0.0,0.0,0.0,0.0,0.0
2403,2022-07-31,0.0,37.6,21.0,0.0,0.0,0.0,0.0,0.0,0.0,0.0,0.0,0.0,0.0
2404,2022-08-01,2.78,34.17,19.5,0.0,0.0,0.0,0.0,0.0,0.0,0.0,0.0,0.0,0.0
2405,2022-08-02,0.1,31.35,18.03,0.0,0.0,0.0,0.0,0.0,0.0,0.0,0.0,0.0,0.0
2406,2022-08-03,0.0,33.04,17.86,0.0,0.0,0.0,0.0,0.0,0.0,0.0,0.0,0.0,0.0
2407,2022-08-04,0.0,36.04,18.94,0.0,0.0,0.0,0.0,0.0,0.0,0.0,0.0,0.0,0.0
2408,2022-08-05,0.0,32.57,21.6,0.0,0.0,0.0,0.0,0.0,0.0,0.0,0.0,0.0,0.0
2409,2022-08-06,2.7,24.89,18.59,0.0,0.0,0.0,0.0,0.0,0.0,0.0,0.0,0.0,0.0
2410,2022-08-07,0.0,31.29,16.18,0.0,0.0,0.0,0.0,0.0,0.0,0.0,0.0,0.0,0.0
2411,2022-08-08,0.0,33.88,16.12,0.0,0.0,0.0,0.0,0.0,0.0,0.0,0.0,0.0,0.0
2412,2022-08-09,0.0,34.94,16.42,0.0,0.0,0.0,0.0,0.0,0.0,0.0,0.0,0.0,0.0
2413,2022-08-10,1.05,34.47,19.38,0.0,0.0,0.0,0.0,0.0,0.0,0.0,0.0,0.0,0.0
2414,2022-08-11,0.0,31.57,18.82,0.0,0.0,0.0,0.0,0.0,0.0,0.0,0.0,0.0,0.0
2415,2022-08-12,6.51,34.35,20.61,0.0,0.0,0.0,0.0,0.0,0.0,0.0,0.0,0.0,0.0
2416,2022-08-13,0.0,32.45,20.26,0.0,0.0,0.0,0.0,0.0,0.0,0.0,0.0,0.0,0.0
2417,2022-08-14,0.0,32.01,19.75,0.0,0.0,0.0,0.0,0.0,0.0,0.0,0.0,0.0,0.0
2418,2022-08-15,0.0,35.25,19.27,0.0,0.0,0.0,0.0,0.0,0.0,0.0,0.0,0.0,0.0
2419,2022-08-16,0.0,35.58,18.95,0.0,0.0,0.0,0.0,0.0,0.0,0.0,0.0,0.0,0.0
2420,2022-08-17,0.0,36.14,20.82,0.0,0.0,0.0,0.0,0.0,0.0,0.0,0.0,0.0,0.0
2421,2022-08-18,0.0,36.48,21.66,0.0,0.0,0.0,0.0,0.0,0.0,0.0,0.0,0.0,0.0
2422,2022-08-19,7.12,30.32,19.19,0.0,0.0,0.0,0.0,0.0,0.0,0.0,0.0,0.0,0.0
2423,2022-08-20,0.0,27.65,18.06,0.0,0.0,0.0,0.0,0.0,0.0,0.0,0.0,0.0,0.0
2424,2022-08-21,0.0,31.97,16.69,0.0,0.0,0.0,0.0,0.0,0.0,0.0,0.0,0.0,0.0
2425,2022-08-22,0.0,34.39,18.08,0.0,0.0,0.0,0.0,0.0,0.0,0.0,0.0,0.0,0.0
2426,2022-08-23,0.0,34.47,17.1,0.0,0.0,0.0,0.0,0.0,0.0,0.0,0.0,0.0,0.0
2427,2022-08-24,0.0,33.97,19.28,0.0,0.0,0.0,0.0,0.0,0.0,0.0,0.0,0.0,0.0
2428,2022-08-25,0.0,33.73,16.46,0.0,0.0,0.0,0.0,0.0,0.0,0.0,0.0,0.0,0.0
2429,2022-08-26,0.0,32.62,17.28,0.0,0.0,0.0,0.0,0.0,0.0,0.0,0.0,0.0,0.0
2430,2022-08-27,0.0,33.59,17.96,0.0,0.0,0.0,0.0,0.0,0.0,0.0,0.0,0.0,0.0
2431,2022-08-28,0.0,31.86,16.26,0.0,0.0,0.0,0.0,0.0,0.0,0.0,0.0,0.0,0.0
2432,2022-08-29,0.0,34.3,16.32,0.0,0.0,0.0,0.0,0.0,0.0,0.0,0.0,0.0,0.0
2433,2022-08-30,0.0,36.85,17.93,0.0,0.0,0.0,0.0,0.0,0.0,0.0,0.0,0.0,0.0
2434,2022-08-31,0.0,38.2,19.37,0.0,0.0,0.0,0.0,0.0,0.0,0.0,0.0,0.0,0.0
2435,2022-09-01,0.0,37.81,19.88,0.0,0.0,0.0,0.0,0.0,0.0,0.0,0.0,0.0,0.0
2436,2022-09-02,0.0,35.96,17.31,0.0,0.0,0.0,0.0,0.0,0.0,0.0,0.0,0.0,0.0
2437,2022-09-03,0.0,37.85,17.14,0.0,0.0,0.0,0.0,0.0,0.0,0.0,0.0,0.0,0.0
2438,2022-09-04,0.0,38.38,19.96,0.0,0.0,0.0,0.0,0.0,0.0,0.0,0.0,0.0,0.0
2439,2022-09-05,0.0,38.33,20.2,0.0,0.0,0.0,0.0,0.0,0.0,0.0,0.0,0.0,0.0
2440,2022-09-06,0.0,39.84,20.31,0.0,0.0,0.0,0.0,0.0,0.0,0.0,0.0,0.0,0.0
2441,2022-09-07,0.0,40.15,21.33,0.0,0.0,0.0,0.0,0.0,0.0,0.0,0.0,0.0,0.0
2442,2022-09-08,0.0,35.98,21.54,0.0,0.0,0.0,0.0,0.0,0.0,0.0,0.0,0.0,0.0
2443,2022-09-09,0.0,28.01,12.69,0.0,0.0,0.0,0.0,0.0,0.0,0.0,0.0,0.0,0.0
2444,2022-09-10,0.0,27.79,13.2,0.0,0.0,0.0,0.0,0.0,0.0,0.0,0.0,0.0,0.0
2445,2022-09-11,0.0,31.04,12.21,0.0,0.0,0.0,0.0,0.0,0.0,0.0,0.0,0.0,0.0
2446,2022-09-12,0.0,32.63,13.18,0.0,0.0,0.0,0.0,0.0,0.0,0.0,0.0,0.0,0.0
2447,2022-09-13,26.02,26.8,14.64,0.0,0.0,0.0,0.0,0.0,0.0,0.0,0.0,0.0,0.0
2448,2022-09-14,4.67,21.39,15.21,0.0,0.0,0.0,0.0,0.0,0.0,0.0,0.0,0.0,0.0
2449,2022-09-15,6.83,24.58,14.31,0.0,0.0,0.0,0.0,0.0,0.0,0.0,0.0,0.0,0.0
2450,2022-09-16,0.0,22.82,12.38,0.0,0.0,0.0,0.0,0.0,0.0,0.0,0.0,0.0,0.0
2451,2022-09-17,1.32,23.78,11.96,0.0,0.0,0.0,0.0,0.0,0.0,0.0,0.0,0.0,0.0
2452,2022-09-18,0.0,29.97,13.5,0.0,0.0,0.0,0.0,0.0,0.0,0.0,0.0,0.0,0.0
2453,2022-09-19,0.0,30.71,14.02,0.0,0.0,0.0,0.0,0.0,0.0,0.0,0.0,0.0,0.0
2454,2022-09-20,0.0,32.18,16.05,0.0,0.0,0.0,0.0,0.0,0.0,0.0,0.0,0.0,0.0
2455,2022-09-21,4.35,28.86,17.49,0.0,0.0,0.0,0.0,0.0,0.0,0.0,0.0,0.0,0.0
2456,2022-09-22,0.0,22.33,12.45,0.0,0.0,0.0,0.0,0.0,0.0,0.0,0.0,0.0,0.0
2457,2022-09-23,0.0,23.38,9.3,0.0,0.0,0.0,0.0,0.0,0.0,0.0,0.0,0.0,0.0
2458,2022-09-24,0.0,26.14,9.04,0.0,0.0,0.0,0.0,0.0,0.0,0.0,0.0,0.0,0.0
2459,2022-09-25,0.0,26.84,10.49,0.0,0.0,0.0,0.0,0.0,0.0,0.0,0.0,0.0,0.0
2460,2022-09-26,0.0,27.8,12.35,0.0,0.0,0.0,0.0,0.0,0.0,0.0,0.0,0.0,0.0
2461,2022-09-27,0.0,29.93,12.47,0.0,0.0,0.0,0.0,0.0,0.0,0.0,0.0,0.0,0.0
2462,2022-09-28,2.55,29.02,13.68,0.0,0.0,0.0,0.0,0.0,0.0,0.0,0.0,0.0,0.0
2463,2022-09-29,1.91,28.51,14.42,0.0,0.0,0.0,0.0,0.0,0.0,0.0,0.0,0.0,0.0
2464,2022-09-30,0.0,21.08,10.29,0.0,0.0,0.0,0.0,0.0,0.0,0.0,0.0,0.0,0.0
2465,2022-10-01,0.0,21.11,8.93,0.0,0.0,0.0,0.0,0.0,0.0,0.0,0.0,0.0,0.0
2466,2022-10-02,0.0,22.75,9.44,0.0,0.0,0.0,0.0,0.0,0.0,0.0,0.0,0.0,0.0
2467,2022-10-03,0.0,24.66,9.2,0.0,0.0,0.0,0.0,0.0,0.0,0.0,0.0,0.0,0.0
2468,2022-10-04,0.0,24.35,9.16,0.0,0.0,0.0,0.0,0.0,0.0,0.0,0.0,0.0,0.0
2469,2022-10-05,0.0,25.75,9.76,0.0,0.0,0.0,0.0,0.0,0.0,0.0,0.0,0.0,0.0
2470,2022-10-06,0.0,25.89,11.1,0.0,0.0,0.0,0.0,0.0,0.0,0.0,0.0,0.0,0.0
2471,2022-10-07,0.0,25.8,10.21,0.0,0.0,0.0,0.0,0.0,0.0,0.0,0.0,0.0,0.0
2472,2022-10-08,0.0,26.14,10.1,0.0,0.0,0.0,0.0,0.0,0.0,0.0,0.0,0.0,0.0
2473,2022-10-09,0.0,25.63,10.1,0.0,0.0,0.0,0.0,0.0,0.0,0.0,0.0,0.0,0.0
2474,2022-10-10,0.0,25.62,9.56,0.0,0.0,0.0,0.0,0.0,0.0,0.0,0.0,0.0,0.0
2475,2022-10-11,0.0,23.12,8.84,0.0,0.0,0.0,0.0,0.0,0.0,0.0,0.0,0.0,0.0
2476,2022-10-12,0.0,22.77,6.92,0.0,0.0,0.0,0.0,0.0,0.0,0.0,0.0,0.0,0.0
2477,2022-10-13,0.0,23.0,7.16,0.0,0.0,0.0,0.0,0.0,0.0,0.0,0.0,0.0,0.0
2478,2022-10-14,0.0,23.32,7.66,0.0,0.0,0.0,0.0,0.0,0.0,0.0,0.0,0.0,0.0
2479,2022-10-15,0.0,23.5,7.18,0.0,0.0,0.0,0.0,0.0,0.0,0.0,0.0,0.0,0.0
2480,2022-10-16,0.0,24.58,11.35,0.0,0.0,0.0,0.0,0.0,0.0,0.0,0.0,0.0,0.0
2481,2022-10-17,0.0,23.36,8.69,0.0,0.0,0.0,0.0,0.0,0.0,0.0,0.0,0.0,0.0
2482,2022-10-18,0.0,22.91,8.14,0.0,0.0,0.0,0.0,0.0,0.0,0.0,0.0,0.0,0.0
2483,2022-10-19,0.0,23.57,8.35,0.0,0.0,0.0,0.0,0.0,0.0,0.0,0.0,0.0,0.0
2484,2022-10-20,0.0,22.98,6.92,0.0,0.0,0.0,0.0,0.0,0.0,0.0,0.0,0.0,0.0
2485,2022-10-21,0.0,23.77,7.02,0.0,0.0,0.0,0.0,0.0,0.0,0.0,0.0,0.0,0.0
2486,2022-10-22,12.48,18.63,4.16,0.0,0.0,0.0,0.0,0.0,0.0,0.0,0.0,0.0,0.0
2487,2022-10-23,0.0,8.84,1.6,0.01016,0.02794,0.02794,0.00508,0.01016,0.02286,0.0177799999999999,0.0127,0.00508,0.0076199999999999
2488,2022-10-24,0.0,9.59,-1.39,0.0127,0.0355599999999999,0.0355599999999999,0.0076199999999999,0.01016,0.02794,0.02032,0.0152399999999999,0.00508,0.0076199999999999
2489,2022-10-25,0.81,12.09,2.49,0.0127,0.0355599999999999,0.0355599999999999,0.00508,0.01016,0.02794,0.02032,0.0152399999999999,0.00508,0.0076199999999999
2490,2022-10-26,2.04,8.69,1.34,0.0127,0.0355599999999999,0.0355599999999999,0.00508,0.0152399999999999,0.02794,0.02032,0.0152399999999999,0.0,0.0076199999999999
2491,2022-10-27,0.0,7.83,0.02,0.0152399999999999,0.04826,0.04826,0.01016,0.02032,0.0380999999999999,0.0304799999999999,0.02794,0.00508,0.0152399999999999
2492,2022-10-28,0.0,12.6,-1.77,0.0152399999999999,0.0431799999999999,0.04826,0.01016,0.02032,0.0380999999999999,0.0304799999999999,0.02794,0.0,0.0152399999999999
2493,2022-10-29,0.0,13.61,-0.24,0.02286,0.0431799999999999,0.0508,0.01016,0.02032,0.0380999999999999,0.0304799999999999,0.02794,0.0,0.0152399999999999
2494,2022-10-30,0.0,15.21,-0.18,0.02286,0.0431799999999999,0.0508,0.01016,0.0254,0.0380999999999999,0.0304799999999999,0.02794,0.0,0.0152399999999999
2495,2022-10-31,0.0,15.67,0.95,0.02286,0.0431799999999999,0.0508,0.01016,0.0152399999999999,0.0380999999999999,0.0304799999999999,0.02794,0.0,0.0152399999999999
2496,2022-11-01,3.8,18.55,4.25,0.0254,0.04826,0.0508,0.01016,0.01016,0.0380999999999999,0.0304799999999999,0.02794,0.0,0.0152399999999999
2497,2022-11-02,12.52,10.89,0.15,0.0254,0.04826,0.0508,0.01016,0.0,0.0380999999999999,0.0304799999999999,0.02794,0.0,0.0152399999999999
2498,2022-11-03,0.0,6.86,-1.69,0.04064,0.0711199999999999,0.08128,0.02794,0.02032,0.05588,0.0609599999999999,0.0355599999999999,0.0177799999999999,0.0254
2499,2022-11-04,0.0,6.14,-3.88,0.04064,0.0711199999999999,0.08128,0.02794,0.02032,0.05588,0.0609599999999999,0.0355599999999999,0.0177799999999999,0.0254
2500,2022-11-05,7.21,7.81,-0.27,0.04064,0.0736599999999999,0.0838199999999999,0.02794,0.02032,0.05588,0.0609599999999999,0.0355599999999999,0.0177799999999999,0.02794
2501,2022-11-06,0.0,11.35,2.19,0.0584199999999999,0.09144,0.10668,0.04572,0.05334,0.0761999999999999,0.0736599999999999,0.0736599999999999,0.02032,0.04826
2502,2022-11-07,0.0,14.31,3.32,0.0584199999999999,0.09398,0.10668,0.04572,0.0584199999999999,0.0761999999999999,0.07874,0.0736599999999999,0.02032,0.0508
2503,2022-11-08,27.92,10.21,1.36,0.0584199999999999,0.09398,0.10668,0.04572,0.0584199999999999,0.0761999999999999,0.08128,0.0736599999999999,0.0152399999999999,0.05334
2504,2022-11-09,4.15,7.72,0.11,0.0609599999999999,0.09652,0.10668,0.04572,0.0736599999999999,0.0838199999999999,0.12446,0.0736599999999999,0.0076199999999999,0.06604
2505,2022-11-10,0.0,3.51,-2.1,0.06858,0.11176,0.1219199999999999,0.0508,0.1143,0.1016,0.1473199999999999,0.0863599999999999,0.02032,0.0838199999999999
2506,2022-11-11,0.0,3.29,-6.21,0.06858,0.11176,0.1219199999999999,0.0508,0.1143,0.1016,0.1473199999999999,0.0863599999999999,0.02032,0.0838199999999999
2507,2022-11-12,0.0,3.84,-6.03,0.06858,0.11176,0.1219199999999999,0.0508,0.1143,0.1016,0.1473199999999999,0.0863599999999999,0.02032,0.0838199999999999
2508,2022-11-13,0.0,4.44,-5.77,0.06858,0.11176,0.1219199999999999,0.0508,0.1143,0.1016,0.1473199999999999,0.0863599999999999,0.02032,0.0838199999999999
2509,2022-11-14,0.0,3.67,-5.77,0.06858,0.11176,0.1219199999999999,0.0508,0.1143,0.1016,0.1473199999999999,0.0863599999999999,0.02032,0.0838199999999999
2510,2022-11-15,0.0,3.96,-7.28,0.06858,0.11176,0.1219199999999999,0.0508,0.1143,0.1016,0.1473199999999999,0.0863599999999999,0.02032,0.0838199999999999
2511,2022-11-16,0.0,4.7,-6.94,0.06858,0.11176,0.1219199999999999,0.0508,0.1143,0.1016,0.1473199999999999,0.0863599999999999,0.02032,0.0838199999999999
2512,2022-11-17,0.0,6.23,-6.38,0.06858,0.11176,0.1219199999999999,0.0508,0.1143,0.1016,0.1473199999999999,0.0863599999999999,0.02032,0.0838199999999999
2513,2022-11-18,0.0,3.67,-5.42,0.06858,0.11176,0.1219199999999999,0.0508,0.1143,0.1016,0.1473199999999999,0.0863599999999999,0.02032,0.0838199999999999
2514,2022-11-19,0.0,2.73,-8.21,0.06858,0.11176,0.1219199999999999,0.0508,0.1143,0.1016,0.1473199999999999,0.0863599999999999,0.02032,0.0838199999999999
2515,2022-11-20,0.0,4.12,-6.44,0.06858,0.11176,0.1219199999999999,0.0508,0.1143,0.1016,0.1473199999999999,0.0863599999999999,0.02032,0.0838199999999999
2516,2022-11-21,0.0,6.04,-5.23,0.06858,0.11176,0.1219199999999999,0.0508,0.1143,0.1016,0.1473199999999999,0.0863599999999999,0.02032,0.0838199999999999
2517,2022-11-22,0.25,5.86,-4.33,0.06858,0.11176,0.1219199999999999,0.0508,0.1143,0.1016,0.1473199999999999,0.0863599999999999,0.02032,0.0838199999999999
2518,2022-11-23,0.0,6.26,-3.48,0.06858,0.11176,0.1219199999999999,0.0508,0.1143,0.1016,0.1473199999999999,0.0863599999999999,0.02032,0.0863599999999999
2519,2022-11-24,0.0,6.69,-4.65,0.0761999999999999,0.1219199999999999,0.127,0.05588,0.1143,0.1016,0.1473199999999999,0.0863599999999999,0.02286,0.0863599999999999
2520,2022-11-25,0.0,7.23,-3.32,0.0761999999999999,0.1219199999999999,0.127,0.05588,0.1143,0.1016,0.1523999999999999,0.0863599999999999,0.02286,0.0863599999999999
2521,2022-11-26,0.3,4.87,-3.59,0.0761999999999999,0.1219199999999999,0.127,0.05588,0.1143,0.1041399999999999,0.1523999999999999,0.0863599999999999,0.02286,0.0863599999999999
2522,2022-11-27,0.0,6.44,-1.0,0.0761999999999999,0.1219199999999999,0.12954,0.05588,0.1143,0.1041399999999999,0.1523999999999999,0.0863599999999999,0.02286,0.0888999999999999
2523,2022-11-28,2.97,5.85,-2.4,0.0761999999999999,0.1219199999999999,0.12954,0.05588,0.1143,0.1041399999999999,0.1523999999999999,0.0863599999999999,0.02286,0.0888999999999999
2524,2022-11-29,0.0,-0.28,-7.25,0.0761999999999999,0.1397,0.1397,0.0584199999999999,0.13716,0.1219199999999999,0.1651,0.1041399999999999,0.03302,0.1016
2525,2022-11-30,0.0,6.04,-6.98,0.0761999999999999,0.1422399999999999,0.1473199999999999,0.0584199999999999,0.1397,0.12954,0.1651,0.11176,0.03302,0.1016
2526,2022-12-01,4.87,9.75,1.24,0.0838199999999999,0.14986,0.14986,0.0635,0.1422399999999999,0.12954,0.1727199999999999,0.11176,0.03302,0.1041399999999999
2527,2022-12-02,0.0,6.12,-7.8,0.09398,0.1523999999999999,0.1523999999999999,0.06604,0.14478,0.12954,0.1803399999999999,0.11176,0.0380999999999999,0.10922
2528,2022-12-03,0.0,0.85,-8.53,0.09398,0.16002,0.15748,0.0736599999999999,0.15748,0.1422399999999999,0.18542,0.11938,0.0431799999999999,0.1143
2529,2022-12-04,4.99,2.83,-3.16,0.1041399999999999,0.1676399999999999,0.16256,0.0838199999999999,0.16002,0.1422399999999999,0.1905,0.11938,0.0431799999999999,0.1168399999999999
2530,2022-12-05,0.0,3.31,-2.96,0.10922,0.17526,0.1676399999999999,0.0888999999999999,0.1676399999999999,0.1473199999999999,0.19812,0.11938,0.04572,0.1219199999999999
2531,2022-12-06,0.0,2.09,-5.4,0.11176,0.17526,0.1676399999999999,0.09144,0.1676399999999999,0.1473199999999999,0.2032,0.11938,0.04572,0.1219199999999999
2532,2022-12-07,0.0,0.79,-5.5,0.11176,0.17526,0.1676399999999999,0.09144,0.1676399999999999,0.1473199999999999,0.2032,0.11938,0.04572,0.1219199999999999
2533,2022-12-08,0.0,4.52,-3.86,0.11938,0.18288,0.17526,0.1016,0.1676399999999999,0.14986,0.2057399999999999,0.1219199999999999,0.04572,0.1219199999999999
2534,2022-12-09,0.0,2.65,-3.51,0.11938,0.18288,0.17526,0.1016,0.1676399999999999,0.14986,0.2057399999999999,0.1219199999999999,0.04572,0.1219199999999999
2535,2022-12-10,0.0,8.92,-3.56,0.11938,0.18288,0.1777999999999999,0.1016,0.1727199999999999,0.1523999999999999,0.2082799999999999,0.12446,0.04572,0.1219199999999999
2536,2022-12-11,15.13,9.8,-0.65,0.1219199999999999,0.18796,0.1803399999999999,0.1016,0.1727199999999999,0.1523999999999999,0.2082799999999999,0.12446,0.04826,0.12446
2537,2022-12-12,3.43,2.21,-2.86,0.127,0.1905,0.18288,0.11176,0.18796,0.16002,0.2336799999999999,0.13462,0.05334,0.13208
2538,2022-12-13,3.58,-0.02,-2.3,0.127,0.19812,0.18542,0.1168399999999999,0.19558,0.1676399999999999,0.2336799999999999,0.13462,0.05588,0.13462
2539,2022-12-14,4.17,0.81,-2.52,0.13208,0.21336,0.19812,0.12954,0.20066,0.17526,0.23622,0.13462,0.05588,0.13716
2540,2022-12-15,0.0,0.17,-6.35,0.13208,0.2158999999999999,0.20066,0.13208,0.2032,0.17526,0.23622,0.13462,0.0584199999999999,0.13716
2541,2022-12-16,0.0,-1.94,-12.3,0.13208,0.21844,0.20066,0.13462,0.2032,0.1777999999999999,0.23622,0.13716,0.0584199999999999,0.13716
2542,2022-12-17,0.0,-2.17,-11.86,0.13208,0.21844,0.20066,0.13462,0.2032,0.1777999999999999,0.23622,0.13716,0.0584199999999999,0.13716
2543,2022-12-18,0.0,-0.81,-10.02,0.13208,0.21844,0.2032,0.13462,0.2032,0.1777999999999999,0.23622,0.13716,0.0584199999999999,0.13716
2544,2022-12-19,0.0,0.69,-9.71,0.13208,0.2209799999999999,0.2032,0.13462,0.2032,0.1777999999999999,0.23622,0.13716,0.0584199999999999,0.13716
2545,2022-12-20,0.0,2.47,-5.31,0.13462,0.2209799999999999,0.2032,0.13462,0.2032,0.1777999999999999,0.23622,0.13716,0.0584199999999999,0.13716
2546,2022-12-21,1.15,5.75,-3.14,0.13462,0.2209799999999999,0.2032,0.13716,0.2032,0.1777999999999999,0.23622,0.13716,0.0584199999999999,0.13716
2547,2022-12-22,0.0,-0.71,-11.06,0.13716,0.23622,0.21082,0.14478,0.21336,0.18288,0.25146,0.1473199999999999,0.06858,0.1473199999999999
2548,2022-12-23,1.94,-1.11,-9.55,0.13716,0.23622,0.21336,0.14478,0.21336,0.18288,0.25146,0.1473199999999999,0.06858,0.1473199999999999
2549,2022-12-24,0.0,2.11,-3.64,0.1397,0.23876,0.21336,0.1473199999999999,0.2158999999999999,0.18288,0.26416,0.1473199999999999,0.06858,0.1473199999999999
2550,2022-12-25,0.0,6.38,-1.8,0.1397,0.23876,0.21336,0.1473199999999999,0.2209799999999999,0.18542,0.26416,0.1473199999999999,0.06858,0.1473199999999999
2551,2022-12-26,0.0,9.5,0.16,0.1397,0.2413,0.21336,0.1473199999999999,0.2209799999999999,0.18542,0.26416,0.1473199999999999,0.06858,0.14986
2552,2022-12-27,14.34,9.21,-0.77,0.1397,0.2413,0.21336,0.1473199999999999,0.2209799999999999,0.18542,0.26416,0.1473199999999999,0.06858,0.14986
2553,2022-12-28,0.38,3.8,-1.65,0.15748,0.2717799999999999,0.2286,0.1777999999999999,0.254,0.21844,0.28956,0.1727199999999999,0.07874,0.1727199999999999
2554,2022-12-29,0.0,4.38,-3.15,0.16256,0.2844799999999999,0.23876,0.19558,0.25908,0.2286,0.29972,0.1803399999999999,0.08128,0.1777999999999999
2555,2022-12-30,13.91,4.38,-1.2,0.16256,0.2844799999999999,0.23876,0.19558,0.25908,0.2286,0.29972,0.18288,0.08128,0.1777999999999999
2556,2022-12-31,7.0,6.83,1.36,0.17526,0.30226,0.2438399999999999,0.2082799999999999,0.26416,0.2438399999999999,0.31242,0.2057399999999999,0.0888999999999999,0.18542
2557,2023-01-01,6.55,2.99,0.19,0.2032,0.32004,0.26162,0.2158999999999999,0.29972,0.26924,0.3454399999999999,0.2336799999999999,0.09652,0.2032
2558,2023-01-02,0.18,1.38,-1.09,0.21336,0.3352799999999999,0.27432,0.22606,0.32512,0.2946399999999999,0.39116,0.2717799999999999,0.1143,0.2336799999999999
2559,2023-01-03,0.0,1.96,-2.89,0.21844,0.34036,0.2819399999999999,0.2311399999999999,0.32512,0.2946399999999999,0.39624,0.27686,0.1168399999999999,0.2336799999999999
2560,2023-01-04,0.0,4.22,-3.55,0.21844,0.34036,0.2819399999999999,0.2311399999999999,0.32512,0.2946399999999999,0.3987799999999999,0.27686,0.1168399999999999,0.2336799999999999
2561,2023-01-05,10.15,5.75,-1.83,0.21844,0.34036,0.2819399999999999,0.2311399999999999,0.32512,0.29972,0.3987799999999999,0.27686,0.1168399999999999,0.2336799999999999
2562,2023-01-06,7.39,4.46,0.06,0.22352,0.3454399999999999,0.2844799999999999,0.23622,0.32512,0.30226,0.41402,0.28956,0.1219199999999999,0.23876
2563,2023-01-07,0.0,6.81,-0.39,0.2311399999999999,0.35306,0.28702,0.2438399999999999,0.34036,0.32512,0.42672,0.32766,0.12954,0.2463799999999999
2564,2023-01-08,0.0,8.05,-1.24,0.2311399999999999,0.35306,0.28702,0.2438399999999999,0.34036,0.32512,0.42672,0.32766,0.12954,0.2463799999999999
2565,2023-01-09,22.65,6.53,-0.84,0.2311399999999999,0.35306,0.28702,0.2438399999999999,0.34036,0.32512,0.42672,0.32766,0.12954,0.2463799999999999
2566,2023-01-10,23.1,9.44,0.51,0.25146,0.37846,0.2920999999999999,0.254,0.35306,0.3479799999999999,0.4419599999999999,0.36322,0.14478,0.26162
2567,2023-01-11,0.0,6.38,-0.13,0.2717799999999999,0.4114799999999999,0.31496,0.2794,0.38608,0.37846,0.49022,0.4317999999999999,0.1676399999999999,0.28956
2568,2023-01-12,0.0,6.36,-1.83,0.2794,0.4191,0.32004,0.28956,0.3987799999999999,0.38354,0.50292,0.45212,0.1727199999999999,0.2946399999999999
2569,2023-01-13,0.0,7.24,-0.64,0.2819399999999999,0.42164,0.32258,0.28956,0.3987799999999999,0.38354,0.508,0.45212,0.1727199999999999,0.2946399999999999
2570,2023-01-14,8.68,8.27,-0.33,0.2819399999999999,0.42164,0.32258,0.28956,0.3987799999999999,0.38354,0.51054,0.45212,0.1727199999999999,0.2946399999999999
2571,2023-01-15,16.34,3.4,-0.61,0.2819399999999999,0.42164,0.32258,0.28956,0.3987799999999999,0.38354,0.51816,0.45974,0.1727199999999999,0.2946399999999999
2572,2023-01-16,1.96,4.18,-0.75,0.2844799999999999,0.4292599999999999,0.32512,0.2946399999999999,0.4064,0.40386,0.5334,0.4826,0.1803399999999999,0.3047999999999999
2573,2023-01-17,1.32,2.71,-1.22,0.28702,0.4317999999999999,0.32512,0.2971799999999999,0.4114799999999999,0.4064,0.55118,0.49022,0.18542,0.30988
2574,2023-01-18,0.0,0.65,-6.19,0.28702,0.4317999999999999,0.32512,0.2971799999999999,0.41402,0.4064,0.55372,0.49022,0.18542,0.30988
2575,2023-01-19,0.81,-0.14,-5.93,0.28702,0.4317999999999999,0.32512,0.2971799999999999,0.41402,0.4064,0.55372,0.49022,0.18542,0.30988
2576,2023-01-20,0.0,3.19,-5.94,0.28702,0.4317999999999999,0.32766,0.2971799999999999,0.41402,0.4064,0.55372,0.4927599999999999,0.18542,0.30988
2577,2023-01-21,0.0,-0.58,-10.19,0.28702,0.4317999999999999,0.32766,0.2971799999999999,0.41402,0.40894,0.5588,0.4927599999999999,0.18542,0.30988
2578,2023-01-22,1.64,-2.41,-9.73,0.28956,0.43434,0.32766,0.2971799999999999,0.41402,0.40894,0.5588,0.4927599999999999,0.18542,0.30988
2579,2023-01-23,0.0,2.97,-8.27,0.28956,0.43434,0.32766,0.2971799999999999,0.4165599999999999,0.40894,0.5588,0.4927599999999999,0.18542,0.30988
2580,2023-01-24,3.13,-1.68,-9.06,0.28956,0.43942,0.33274,0.29972,0.4165599999999999,0.40894,0.5588,0.4952999999999999,0.18542,0.30988
2581,2023-01-25,0.74,-1.06,-8.83,0.2920999999999999,0.4419599999999999,0.33274,0.3047999999999999,0.4165599999999999,0.40894,0.5588,0.4952999999999999,0.18542,0.30988
2582,2023-01-26,1.65,-1.27,-8.81,0.2920999999999999,0.44704,0.33782,0.3047999999999999,0.4165599999999999,0.40894,0.5638799999999999,0.4952999999999999,0.18542,0.30988
2583,2023-01-27,1.2,2.56,-3.41,0.2920999999999999,0.44704,0.33782,0.30734,0.4165599999999999,0.40894,0.5638799999999999,0.49784,0.18796,0.30988
2584,2023-01-28,0.64,3.05,-2.76,0.29972,0.45212,0.33782,0.31496,0.43688,0.4241799999999999,0.5715,0.51816,0.19558,0.3175
2585,2023-01-29,0.86,-0.6,-8.91,0.30734,0.4572,0.34036,0.31496,0.44704,0.4292599999999999,0.57658,0.52324,0.19812,0.32258
2586,2023-01-30,0.0,-8.49,-17.86,0.30734,0.4673599999999999,0.34036,0.32004,0.4572,0.4292599999999999,0.58166,0.52832,0.2032,0.32512
2587,2023-01-31,0.0,-6.81,-18.27,0.30734,0.4673599999999999,0.34036,0.32004,0.4572,0.4292599999999999,0.58166,0.52832,0.2032,0.32512
2588,2023-02-01,0.0,-1.07,-12.51,0.30734,0.4673599999999999,0.34036,0.32004,0.4572,0.4292599999999999,0.58166,0.52832,0.2032,0.32512
2589,2023-02-02,0.0,1.98,-9.89,0.30734,0.4673599999999999,0.34036,0.32004,0.4572,0.4292599999999999,0.58166,0.52832,0.2032,0.32512
2590,2023-02-03,0.0,3.86,-6.36,0.30734,0.4673599999999999,0.34036,0.32004,0.4572,0.4292599999999999,0.58166,0.52832,0.2032,0.32512
2591,2023-02-04,0.0,3.95,-5.93,0.30988,0.4673599999999999,0.34036,0.32512,0.4572,0.4292599999999999,0.58166,0.52832,0.2032,0.32512
2592,2023-02-05,5.73,2.58,-4.38,0.30988,0.4673599999999999,0.3479799999999999,0.32512,0.4572,0.4292599999999999,0.58166,0.52832,0.2032,0.32512
2593,2023-02-06,3.21,3.13,-3.93,0.30988,0.47244,0.3479799999999999,0.3302,0.4673599999999999,0.43434,0.58674,0.5308599999999999,0.2057399999999999,0.3302
2594,2023-02-07,0.0,4.97,-6.75,0.3175,0.47752,0.35052,0.3352799999999999,0.47244,0.4419599999999999,0.59182,0.5308599999999999,0.2057399999999999,0.3302
2595,2023-02-08,0.0,2.22,-7.14,0.3175,0.47752,0.35052,0.3352799999999999,0.47244,0.4419599999999999,0.59182,0.5308599999999999,0.2057399999999999,0.3302
2596,2023-02-09,0.0,1.35,-9.59,0.3175,0.47752,0.35052,0.3352799999999999,0.47244,0.4419599999999999,0.59182,0.5308599999999999,0.2057399999999999,0.3302
2597,2023-02-10,0.0,2.94,-9.05,0.3175,0.47752,0.35052,0.3352799999999999,0.47244,0.4419599999999999,0.59182,0.5308599999999999,0.2057399999999999,0.3302
2598,2023-02-11,0.0,6.31,-4.55,0.3175,0.4800599999999999,0.35306,0.3352799999999999,0.47752,0.4419599999999999,0.59182,0.5308599999999999,0.2057399999999999,0.3302
2599,2023-02-12,0.0,5.24,-5.2,0.3175,0.4800599999999999,0.35306,0.3352799999999999,0.47752,0.4419599999999999,0.59182,0.5308599999999999,0.2057399999999999,0.3302
2600,2023-02-13,1.75,5.22,-7.05,0.3175,0.4800599999999999,0.35306,0.3352799999999999,0.47752,0.4419599999999999,0.59182,0.5308599999999999,0.2057399999999999,0.3302
2601,2023-02-14,0.0,1.67,-7.97,0.3175,0.4800599999999999,0.35306,0.3352799999999999,0.47752,0.4419599999999999,0.59182,0.5308599999999999,0.2057399999999999,0.3302
2602,2023-02-15,0.0,1.21,-8.97,0.3175,0.4800599999999999,0.35306,0.3352799999999999,0.4800599999999999,0.4445,0.59182,0.5308599999999999,0.2057399999999999,0.33274
2603,2023-02-16,0.0,0.07,-12.38,0.3175,0.49022,0.35306,0.3352799999999999,0.4800599999999999,0.4445,0.59182,0.5308599999999999,0.2082799999999999,0.33274
2604,2023-02-17,0.0,2.07,-10.8,0.3175,0.49784,0.35306,0.3352799999999999,0.4800599999999999,0.4445,0.59182,0.5308599999999999,0.2082799999999999,0.33274
2605,2023-02-18,0.89,4.02,-7.96,0.3175,0.49784,0.35306,0.3352799999999999,0.4826,0.4445,0.59182,0.5308599999999999,0.2082799999999999,0.33274
2606,2023-02-19,0.0,6.63,-3.33,0.3175,0.49784,0.35306,0.3352799999999999,0.4826,0.4445,0.59182,0.5308599999999999,0.2082799999999999,0.33274
2607,2023-02-20,0.0,8.53,0.51,0.3175,0.49784,0.35306,0.3352799999999999,0.48514,0.4445,0.59182,0.5308599999999999,0.2082799999999999,0.33274
2608,2023-02-21,18.82,5.8,-0.79,0.3175,0.49784,0.35306,0.33782,0.48514,0.4445,0.59182,0.5308599999999999,0.2082799999999999,0.33274
2609,2023-02-22,3.01,-1.78,-6.86,0.32004,0.5257799999999999,0.36322,0.35306,0.51054,0.47244,0.61976,0.5689599999999999,0.22352,0.35052
2610,2023-02-23,0.0,0.2,-8.59,0.32004,0.53594,0.37338,0.3606799999999999,0.51562,0.4800599999999999,0.635,0.58166,0.2286,0.3555999999999999
2611,2023-02-24,0.0,4.02,-6.92,0.32004,0.54102,0.37592,0.36576,0.5206999999999999,0.4800599999999999,0.65024,0.58166,0.2286,0.3581399999999999
2612,2023-02-25,0.0,6.62,-4.29,0.32004,0.5435599999999999,0.37846,0.3682999999999999,0.5257799999999999,0.4826,0.65532,0.58166,0.2311399999999999,0.3581399999999999
2613,2023-02-26,11.94,2.65,-3.78,0.3302,0.5461,0.381,0.37084,0.5257799999999999,0.4826,0.6578599999999999,0.5841999999999999,0.2311399999999999,0.36322
2614,2023-02-27,4.97,5.76,-1.45,0.3302,0.54864,0.381,0.37084,0.53594,0.4876799999999999,0.6604,0.59182,0.2336799999999999,0.3682999999999999
2615,2023-02-28,0.0,4.14,-3.15,0.3302,0.5715,0.3937,0.38608,0.55118,0.4927599999999999,0.67818,0.6095999999999999,0.2438399999999999,0.37846
2616,2023-03-01,0.0,3.71,-3.05,0.3429,0.5841999999999999,0.40386,0.3987799999999999,0.57658,0.5054599999999999,0.6959599999999999,0.6223,0.25908,0.3937
2617,2023-03-02,0.0,3.11,-6.6,0.3454399999999999,0.5892799999999999,0.40386,0.3987799999999999,0.57658,0.5054599999999999,0.70612,0.6248400000000001,0.25908,0.3937
2618,2023-03-03,0.0,3.58,-4.87,0.3454399999999999,0.5892799999999999,0.40386,0.3987799999999999,0.57658,0.5054599999999999,0.70866,0.6248400000000001,0.25908,0.3937
2619,2023-03-04,6.85,5.89,-5.74,0.3454399999999999,0.5892799999999999,0.40386,0.3987799999999999,0.58166,0.508,0.70866,0.6273799999999999,0.25908,0.3937
2620,2023-03-05,5.39,5.46,-4.16,0.35052,0.60452,0.41402,0.4114799999999999,0.5969,0.51308,0.73152,0.64262,0.26924,0.40894
2621,2023-03-06,0.0,3.23,-3.38,0.36576,0.6273799999999999,0.4292599999999999,0.4317999999999999,0.61214,0.5334,0.7594599999999999,0.66294,0.27686,0.41402
2622,2023-03-07,0.0,2.92,-8.04,0.37084,0.63754,0.43942,0.43942,0.61468,0.54102,0.76962,0.66802,0.2794,0.4165599999999999
2623,2023-03-08,3.26,2.05,-7.05,0.37084,0.63754,0.43942,0.43942,0.61468,0.54102,0.76962,0.66802,0.2794,0.4165599999999999
2624,2023-03-09,0.0,6.32,-5.18,0.37592,0.64262,0.4445,0.4445,0.6223,0.54864,0.77724,0.67564,0.2819399999999999,0.4165599999999999
2625,2023-03-10,7.94,10.97,-1.18,0.37846,0.64516,0.44704,0.44704,0.6273799999999999,0.55118,0.78232,0.68072,0.2844799999999999,0.42164
2626,2023-03-11,1.54,7.49,-3.09,0.4114799999999999,0.68326,0.4749799999999999,0.4673599999999999,0.65532,0.58674,0.80772,0.7111999999999999,0.2920999999999999,0.44704
2627,2023-03-12,1.8,5.98,-1.73,0.4114799999999999,0.68326,0.4749799999999999,0.4673599999999999,0.65532,0.5892799999999999,0.80772,0.7111999999999999,0.2920999999999999,0.44704
2628,2023-03-13,0.0,10.74,-1.14,0.41402,0.68326,0.47752,0.47752,0.6578599999999999,0.5943599999999999,0.81534,0.7213599999999999,0.2920999999999999,0.45212
2629,2023-03-14,9.44,15.7,2.44,0.41402,0.6858,0.47752,0.47752,0.66548,0.5943599999999999,0.81534,0.7239,0.2920999999999999,0.45212
2630,2023-03-15,3.03,9.8,2.23,0.4191,0.6858,0.47752,0.4800599999999999,0.6705599999999999,0.5943599999999999,0.82804,0.7365999999999999,0.2844799999999999,0.4572
2631,2023-03-16,0.0,7.16,-2.49,0.43688,0.7111999999999999,0.4927599999999999,0.49784,0.6959599999999999,0.61722,0.85344,0.75184,0.28702,0.4673599999999999
2632,2023-03-17,0.0,6.82,-4.34,0.43688,0.7111999999999999,0.4927599999999999,0.49784,0.6959599999999999,0.61722,0.85344,0.75184,0.28702,0.4673599999999999
2633,2023-03-18,0.0,8.47,-4.73,0.43688,0.7111999999999999,0.4952999999999999,0.49784,0.6959599999999999,0.61722,0.85344,0.75184,0.28702,0.4673599999999999
2634,2023-03-19,7.04,12.74,-2.91,0.43688,0.7111999999999999,0.4952999999999999,0.49784,0.6959599999999999,0.61976,0.85344,0.75184,0.28702,0.4673599999999999
2635,2023-03-20,7.83,10.1,-0.95,0.43688,0.71374,0.49784,0.49784,0.6959599999999999,0.6248400000000001,0.8585199999999998,0.75692,0.28702,0.4673599999999999
2636,2023-03-21,4.18,10.26,-2.26,0.43942,0.7213599999999999,0.50292,0.50292,0.71374,0.63754,0.8712199999999999,0.7746999999999999,0.28702,0.47752
2637,2023-03-22,17.58,5.83,-0.14,0.4445,0.72898,0.508,0.5054599999999999,0.7213599999999999,0.64516,0.8839199999999999,0.7797799999999999,0.28702,0.4826
2638,2023-03-23,9.81,8.93,0.85,0.44958,0.7365999999999999,0.51308,0.51054,0.72898,0.6578599999999999,0.90678,0.8000999999999999,0.28956,0.4876799999999999
2639,2023-03-24,7.05,4.38,-2.76,0.45212,0.74676,0.5206999999999999,0.51816,0.74676,0.67818,0.9220199999999998,0.8229599999999999,0.29972,0.51054
2640,2023-03-25,4.68,2.32,-4.65,0.4673599999999999,0.78232,0.54864,0.5334,0.76454,0.6959599999999999,0.93218,0.8382,0.30988,0.51816
2641,2023-03-26,8.52,2.12,-6.71,0.4749799999999999,0.78232,0.54864,0.54102,0.7746999999999999,0.70358,0.93472,0.8509,0.31242,0.52324
2642,2023-03-27,3.58,3.22,-5.68,0.4749799999999999,0.78232,0.54864,0.54102,0.77724,0.7162799999999999,0.93726,0.86614,0.3175,0.5257799999999999
2643,2023-03-28,0.0,11.43,-6.09,0.4876799999999999,0.7975599999999999,0.5588,0.55118,0.7874,0.7365999999999999,0.9398,0.89916,0.32512,0.5257799999999999
2644,2023-03-29,20.47,13.8,-0.71,0.4876799999999999,0.7975599999999999,0.5588,0.55118,0.7874,0.7365999999999999,0.9398,0.89916,0.32512,0.5257799999999999
2645,2023-03-30,13.52,6.82,0.38,0.49784,0.80264,0.56642,0.55626,0.79502,0.75692,0.9525,0.9144,0.3302,0.54102
2646,2023-03-31,0.0,8.22,-0.41,0.50292,0.81534,0.57658,0.5689599999999999,0.80772,0.77724,0.96012,0.92964,0.33274,0.5461
2647,2023-04-01,0.7,12.06,-0.63,0.508,0.8255,0.5892799999999999,0.57912,0.83058,0.8128,0.97282,0.98044,0.33782,0.55118
2648,2023-04-02,13.58,6.7,0.13,0.51308,0.8255,0.5892799999999999,0.58166,0.8331199999999999,0.8128,0.97282,0.98044,0.33274,0.55118
2649,2023-04-03,6.32,2.27,-2.02,0.51308,0.83566,0.5943599999999999,0.58166,0.8610599999999999,0.8204199999999999,0.97282,0.99314,0.34036,0.5689599999999999
2650,2023-04-04,9.98,1.02,-3.66,0.5257799999999999,0.8585199999999998,0.6223,0.5943599999999999,0.889,0.8610599999999999,0.9906,1.0287,0.3606799999999999,0.5943599999999999
2651,2023-04-05,0.0,4.27,-2.76,0.55118,0.889,0.64262,0.61468,0.9017,0.8864599999999999,1.0033,1.0490199999999998,0.3606799999999999,0.5969
2652,2023-04-06,0.0,7.75,-6.0,0.55118,0.8966199999999999,0.64262,0.61976,0.90424,0.8966199999999999,1.0033,1.0617199999999998,0.3606799999999999,0.5969
2653,2023-04-07,0.0,13.03,-2.17,0.55626,0.89916,0.64262,0.61976,0.90424,0.8966199999999999,1.0033,1.0617199999999998,0.3606799999999999,0.5969
2654,2023-04-08,0.0,16.83,1.72,0.5588,0.89916,0.64262,0.61976,0.90424,0.8966199999999999,1.0033,1.05918,0.3606799999999999,0.5969
2655,2023-04-09,0.0,18.39,2.69,0.55118,0.89916,0.64008,0.61976,0.90424,0.889,1.0033,1.0515599999999998,0.3555999999999999,0.5943599999999999
2656,2023-04-10,0.0,21.86,3.98,0.5461,0.89916,0.63754,0.61468,0.89154,0.87884,1.0033,1.0490199999999998,0.3454399999999999,0.58674
2657,2023-04-11,0.0,25.28,7.77,0.53848,0.89408,0.62992,0.59944,0.88138,0.86868,1.0033,1.04648,0.32512,0.57912
2658,2023-04-12,0.0,21.76,8.79,0.5257799999999999,0.88138,0.6248400000000001,0.58166,0.86614,0.8559800000000001,1.0033,1.02108,0.30226,0.5638799999999999
2659,2023-04-13,3.62,9.65,-0.54,0.51562,0.8763,0.6248400000000001,0.5638799999999999,0.8509,0.8458199999999999,1.0033,0.9906,0.2794,0.5435599999999999
2660,2023-04-14,0.0,9.79,-0.91,0.52324,0.8763,0.6248400000000001,0.5638799999999999,0.84074,0.8483599999999999,1.0033,0.97028,0.27432,0.5435599999999999
2661,2023-04-15,0.0,14.16,0.24,0.5206999999999999,0.8763,0.6223,0.5638799999999999,0.84074,0.8483599999999999,1.0033,0.96774,0.27432,0.5435599999999999
2662,2023-04-16,0.0,21.58,2.53,0.51816,0.8763,0.61976,0.5588,0.84074,0.8483599999999999,1.0033,0.96774,0.26416,0.5435599999999999
2663,2023-04-17,0.0,21.05,4.67,0.51308,0.87376,0.61976,0.54864,0.84074,0.8483599999999999,1.0033,0.96774,0.2438399999999999,0.54102
2664,2023-04-18,1.73,10.75,2.42,0.4876799999999999,0.8712199999999999,0.61976,0.53848,0.8382,0.8483599999999999,1.0033,0.95504,0.2158999999999999,0.53848
2665,2023-04-19,0.0,7.71,-2.02,0.4927599999999999,0.8712199999999999,0.6223,0.53594,0.8458199999999999,0.8610599999999999,1.00838,0.96266,0.2209799999999999,0.54102
2666,2023-04-20,0.0,7.67,-0.38,0.5003799999999999,0.86614,0.6223,0.53594,0.8458199999999999,0.85344,1.00838,0.9525,0.21844,0.54102
2667,2023-04-21,2.51,8.72,1.11,0.5003799999999999,0.87376,0.6248400000000001,0.53594,0.8509,0.84328,1.00838,0.9525,0.21336,0.5435599999999999
2668,2023-04-22,0.0,9.27,2.66,0.5003799999999999,0.8864599999999999,0.6273799999999999,0.53848,0.85344,0.85344,1.00838,0.96012,0.21082,0.53848
2669,2023-04-23,0.0,14.53,1.18,0.5003799999999999,0.8864599999999999,0.6273799999999999,0.53848,0.85344,0.8559800000000001,1.016,0.96266,0.2082799999999999,0.53848
2670,2023-04-24,2.12,17.33,2.82,0.5003799999999999,0.8864599999999999,0.6273799999999999,0.53848,0.85344,0.8509,1.02108,0.96266,0.19304,0.5308599999999999
2671,2023-04-25,0.0,11.04,1.17,0.5054599999999999,0.90424,0.62992,0.5308599999999999,0.8635999999999999,0.85344,1.0287,0.97282,0.17018,0.51308
2672,2023-04-26,0.0,17.34,1.32,0.5054599999999999,0.90932,0.6324599999999999,0.5334,0.8610599999999999,0.84328,1.0287,0.94996,0.17018,0.51308
2673,2023-04-27,0.0,20.67,4.47,0.5003799999999999,0.90678,0.6273799999999999,0.5206999999999999,0.8585199999999998,0.83058,1.02108,0.9220199999999998,0.1523999999999999,0.508
2674,2023-04-28,0.0,20.84,6.34,0.4673599999999999,0.9017,0.61214,0.4952999999999999,0.84328,0.83566,1.016,0.87376,0.1219199999999999,0.47752
2675,2023-04-29,0.0,25.55,6.41,0.44958,0.9017,0.5841999999999999,0.4699,0.8229599999999999,0.81534,0.9906,0.8255,0.09398,0.45974
2676,2023-04-30,0.0,28.84,9.84,0.4241799999999999,0.89916,0.5613400000000001,0.43688,0.8000999999999999,0.76454,0.9220199999999998,0.7797799999999999,0.04826,0.42672
2677,2023-05-01,0.0,29.93,12.58,0.39116,0.89408,0.5334,0.4064,0.76962,0.70358,0.8712199999999999,0.73152,0.02032,0.39624
2678,2023-05-02,0.0,26.26,12.64,0.3682999999999999,0.8712199999999999,0.50292,0.37592,0.74168,0.64516,0.8635999999999999,0.6883400000000001,0.0076199999999999,0.37338
2679,2023-05-03,0.0,26.18,10.45,0.35306,0.84074,0.4826,0.35306,0.7213599999999999,0.59944,0.85344,0.6527799999999999,0.0,0.3555999999999999
2680,2023-05-04,1.62,21.72,8.77,0.32766,0.8229599999999999,0.4572,0.3352799999999999,0.6985,0.55626,0.84328,0.61722,0.0,0.3302
2681,2023-05-05,2.7,16.1,7.65,0.30734,0.80772,0.4317999999999999,0.31496,0.68072,0.5206999999999999,0.84328,0.5892799999999999,0.0,0.30734
2682,2023-05-06,4.89,15.27,5.69,0.29972,0.7975599999999999,0.4165599999999999,0.3047999999999999,0.6604,0.50292,0.8458199999999999,0.56642,0.0,0.2971799999999999
2683,2023-05-07,0.0,17.01,3.9,0.29972,0.79248,0.40386,0.29972,0.66294,0.4927599999999999,0.85344,0.55626,0.0,0.2946399999999999
2684,2023-05-08,0.17,21.83,5.9,0.29972,0.79502,0.4064,0.28956,0.66294,0.48514,0.85344,0.53594,0.0,0.2819399999999999
2685,2023-05-09,0.0,21.06,5.32,0.2819399999999999,0.78994,0.3937,0.27686,0.65024,0.4572,0.85344,0.508,0.0,0.25908
2686,2023-05-10,0.0,20.76,8.52,0.26162,0.76962,0.37338,0.254,0.61468,0.4114799999999999,0.8483599999999999,0.46482,0.0,0.2336799999999999
2687,2023-05-11,0.0,22.36,5.5,0.24892,0.75184,0.35052,0.23622,0.59182,0.38608,0.8458199999999999,0.4445,0.0,0.21336
2688,2023-05-12,0.0,23.94,7.95,0.22606,0.7365999999999999,0.3302,0.21336,0.5638799999999999,0.35306,0.8382,0.40894,0.0,0.18288
2689,2023-05-13,1.4,23.19,10.9,0.2082799999999999,0.70612,0.30734,0.19558,0.5334,0.31242,0.8229599999999999,0.37338,0.0,0.15494
2690,2023-05-14,1.63,22.76,11.53,0.18288,0.6858,0.28956,0.1676399999999999,0.4952999999999999,0.2819399999999999,0.81534,0.3479799999999999,0.0,0.10668
2691,2023-05-15,1.09,26.14,10.65,0.15748,0.66548,0.26162,0.1397,0.4673599999999999,0.2413,0.78232,0.32512,0.0,0.07874
2692,2023-05-16,0.0,29.25,13.12,0.1219199999999999,0.635,0.2286,0.1143,0.4317999999999999,0.18796,0.75692,0.2463799999999999,0.0,0.0380999999999999
2693,2023-05-17,0.0,27.52,11.6,0.0888999999999999,0.60198,0.20066,0.0838199999999999,0.39624,0.13716,0.73152,0.1727199999999999,0.0,0.0
2694,2023-05-18,0.0,26.96,11.66,0.0584199999999999,0.5689599999999999,0.17018,0.0584199999999999,0.3682999999999999,0.0863599999999999,0.70866,0.1143,0.0,0.0
2695,2023-05-19,0.0,26.75,12.51,0.0304799999999999,0.54864,0.1473199999999999,0.0304799999999999,0.34036,0.0508,0.68326,0.06604,0.0,0.0
2696,2023-05-20,0.0,28.36,12.43,0.01016,0.51816,0.10922,0.01016,0.31496,0.0254,0.65532,0.0304799999999999,0.0,0.0
2697,2023-05-21,0.0,29.6,12.78,0.0076199999999999,0.49022,0.0761999999999999,0.0,0.2844799999999999,0.0127,0.61976,0.00508,0.0,0.0
2698,2023-05-22,1.83,28.21,14.1,0.0,0.44958,0.03302,0.0,0.25908,0.0,0.59182,0.0,0.0,0.0
2699,2023-05-23,0.61,29.37,14.15,0.0,0.4165599999999999,0.0,0.0,0.21844,0.0,0.5588,0.0,0.0,0.0
2700,2023-05-24,0.53,26.67,11.64,0.0,0.38354,0.0,0.0,0.1777999999999999,0.0,0.5257799999999999,0.0,0.0,0.0
2701,2023-05-25,0.5,26.31,10.97,0.0,0.35306,0.0,0.0,0.14478,0.0,0.4952999999999999,0.0,0.0,0.0
2702,2023-05-26,0.0,25.38,12.46,0.0,0.32512,0.0,0.0,0.11176,0.0,0.4673599999999999,0.0,0.0,0.0
2703,2023-05-27,0.0,23.64,10.95,0.0,0.31242,0.0,0.0,0.0888999999999999,0.0,0.44958,0.0,0.0,0.0
2704,2023-05-28,0.81,23.24,10.6,0.0,0.2920999999999999,0.0,0.0,0.04572,0.0,0.4317999999999999,0.0,0.0,0.0
2705,2023-05-29,0.0,26.91,12.11,0.0,0.26416,0.0,0.0,0.00508,0.0,0.40386,0.0,0.0,0.0
2706,2023-05-30,0.0,29.33,11.99,0.0,0.2311399999999999,0.0,0.0,0.0,0.0,0.3682999999999999,0.0,0.0,0.0
2707,2023-05-31,0.0,28.04,12.45,0.0,0.19304,0.0,0.0,0.0,0.0,0.33274,0.0,0.0,0.0
2708,2023-06-01,0.0,24.22,12.08,0.0,0.16256,0.0,0.0,0.0,0.0,0.30734,0.0,0.0,0.0
2709,2023-06-02,0.0,23.17,11.49,0.0,0.1473199999999999,0.0,0.0,0.0,0.0,0.2844799999999999,0.0,0.0,0.0
2710,2023-06-03,0.0,24.79,11.47,0.0,0.13716,0.0,0.0,0.0,0.0,0.26162,0.0,0.0,0.0
2711,2023-06-04,0.0,25.87,12.39,0.0,0.10668,0.0,0.0,0.0,0.0,0.2438399999999999,0.0,0.0,0.0
2712,2023-06-05,0.0,27.88,10.83,0.0,0.0761999999999999,0.0,0.0,0.0,0.0,0.2082799999999999,0.0,0.0,0.0
2713,2023-06-06,1.31,30.99,14.29,0.0,0.0431799999999999,0.0,0.0,0.0,0.0,0.1803399999999999,0.0,0.0,0.0
2714,2023-06-07,0.0,27.73,15.41,0.0,0.01016,0.0,0.0,0.0,0.0,0.13462,0.0,0.0,0.0
2715,2023-06-08,2.48,26.96,13.42,0.0,0.0,0.0,0.0,0.0,0.0,0.0838199999999999,0.0,0.0,0.0
2716,2023-06-09,0.0,27.46,11.71,0.0,0.0,0.0,0.0,0.0,0.0,0.0609599999999999,0.0,0.0,0.0
2717,2023-06-10,0.0,28.03,12.41,0.0,0.0,0.0,0.0,0.0,0.0,0.04064,0.0,0.0,0.0
2718,2023-06-11,0.0,28.51,13.4,0.0,0.0,0.0,0.0,0.0,0.0,0.02794,0.0,0.0,0.0
2719,2023-06-12,0.0,24.34,12.9,0.0,0.0,0.0,0.0,0.0,0.0,0.02032,0.0,0.0,0.0
2720,2023-06-13,3.71,23.69,12.52,0.0,0.0,0.0,0.0,0.0,0.0,0.0127,0.0,0.0,0.0
2721,2023-06-14,3.01,25.81,14.18,0.0,0.0,0.0,0.0,0.0,0.0,0.01016,0.0,0.0,0.0
2722,2023-06-15,0.0,23.6,13.4,0.0,0.0,0.0,0.0,0.0,0.0,0.0,0.0,0.0,0.0
2723,2023-06-16,0.0,24.03,9.5,0.0,0.0,0.0,0.0,0.0,0.0,0.0,0.0,0.0,0.0
2724,2023-06-17,0.0,26.8,11.84,0.0,0.0,0.0,0.0,0.0,0.0,0.0,0.0,0.0,0.0
2725,2023-06-18,0.96,25.89,14.21,0.0,0.0,0.0,0.0,0.0,0.0,0.0,0.0,0.0,0.0
2726,2023-06-19,1.18,28.3,12.79,0.0,0.0,0.0,0.0,0.0,0.0,0.0,0.0,0.0,0.0
2727,2023-06-20,0.0,22.09,10.59,0.0,0.0,0.0,0.0,0.0,0.0,0.0,0.0,0.0,0.0
2728,2023-06-21,0.0,24.01,10.46,0.0,0.0,0.0,0.0,0.0,0.0,0.0,0.0,0.0,0.0
2729,2023-06-22,0.0,29.59,10.95,0.0,0.0,0.0,0.0,0.0,0.0,0.0,0.0,0.0,0.0
2730,2023-06-23,0.0,28.7,14.83,0.0,0.0,0.0,0.0,0.0,0.0,0.0,0.0,0.0,0.0
2731,2023-06-24,0.0,29.15,11.05,0.0,0.0,0.0,0.0,0.0,0.0,0.0,0.0,0.0,0.0
2732,2023-06-25,0.0,33.09,13.08,0.0,0.0,0.0,0.0,0.0,0.0,0.0,0.0,0.0,0.0
2733,2023-06-26,0.0,31.3,14.19,0.0,0.0,0.0,0.0,0.0,0.0,0.0,0.0,0.0,0.0
2734,2023-06-27,0.0,28.63,15.77,0.0,0.0,0.0,0.0,0.0,0.0,0.0,0.0,0.0,0.0
2735,2023-06-28,0.0,28.63,14.06,0.0,0.0,0.0,0.0,0.0,0.0,0.0,0.0,0.0,0.0
2736,2023-06-29,0.0,27.98,15.07,0.0,0.0,0.0,0.0,0.0,0.0,0.0,0.0,0.0,0.0
2737,2023-06-30,0.0,31.4,14.33,0.0,0.0,0.0,0.0,0.0,0.0,0.0,0.0,0.0,0.0
2738,2023-07-01,0.92,33.85,16.88,0.0,0.0,0.0,0.0,0.0,0.0,0.0,0.0,0.0,0.0
2739,2023-07-02,0.0,35.14,18.81,0.0,0.0,0.0,0.0,0.0,0.0,0.0,0.0,0.0,0.0
2740,2023-07-03,4.11,36.7,18.4,0.0,0.0,0.0,0.0,0.0,0.0,0.0,0.0,0.0,0.0
2741,2023-07-04,0.0,29.99,19.01,0.0,0.0,0.0,0.0,0.0,0.0,0.0,0.0,0.0,0.0
2742,2023-07-05,0.0,31.32,16.2,0.0,0.0,0.0,0.0,0.0,0.0,0.0,0.0,0.0,0.0
2743,2023-07-06,0.0,31.83,17.32,0.0,0.0,0.0,0.0,0.0,0.0,0.0,0.0,0.0,0.0
2744,2023-07-07,0.0,34.62,17.19,0.0,0.0,0.0,0.0,0.0,0.0,0.0,0.0,0.0,0.0
2745,2023-07-08,0.0,34.63,20.29,0.0,0.0,0.0,0.0,0.0,0.0,0.0,0.0,0.0,0.0
2746,2023-07-09,0.0,35.45,18.61,0.0,0.0,0.0,0.0,0.0,0.0,0.0,0.0,0.0,0.0
2747,2023-07-10,0.0,34.83,21.83,0.0,0.0,0.0,0.0,0.0,0.0,0.0,0.0,0.0,0.0
2748,2023-07-11,0.0,34.99,16.89,0.0,0.0,0.0,0.0,0.0,0.0,0.0,0.0,0.0,0.0
2749,2023-07-12,0.0,34.85,17.23,0.0,0.0,0.0,0.0,0.0,0.0,0.0,0.0,0.0,0.0
2750,2023-07-13,0.0,34.08,17.53,0.0,0.0,0.0,0.0,0.0,0.0,0.0,0.0,0.0,0.0
2751,2023-07-14,0.0,32.87,16.37,0.0,0.0,0.0,0.0,0.0,0.0,0.0,0.0,0.0,0.0
2752,2023-07-15,0.0,35.44,16.82,0.0,0.0,0.0,0.0,0.0,0.0,0.0,0.0,0.0,0.0
2753,2023-07-16,0.0,39.5,18.9,0.0,0.0,0.0,0.0,0.0,0.0,0.0,0.0,0.0,0.0
2754,2023-07-17,0.0,38.69,21.68,0.0,0.0,0.0,0.0,0.0,0.0,0.0,0.0,0.0,0.0
2755,2023-07-18,0.0,35.84,22.38,0.0,0.0,0.0,0.0,0.0,0.0,0.0,0.0,0.0,0.0
2756,2023-07-19,3.24,35.51,20.08,0.0,0.0,0.0,0.0,0.0,0.0,0.0,0.0,0.0,0.0
2757,2023-07-20,0.0,33.77,19.24,0.0,0.0,0.0,0.0,0.0,0.0,0.0,0.0,0.0,0.0
2758,2023-07-21,0.0,37.74,20.74,0.0,0.0,0.0,0.0,0.0,0.0,0.0,0.0,0.0,0.0
2759,2023-07-22,0.0,39.75,21.6,0.0,0.0,0.0,0.0,0.0,0.0,0.0,0.0,0.0,0.0
2760,2023-07-23,0.0,40.09,23.05,0.0,0.0,0.0,0.0,0.0,0.0,0.0,0.0,0.0,0.0
2761,2023-07-24,2.11,36.54,22.01,0.0,0.0,0.0,0.0,0.0,0.0,0.0,0.0,0.0,0.0
2762,2023-07-25,0.0,35.41,17.69,0.0,0.0,0.0,0.0,0.0,0.0,0.0,0.0,0.0,0.0
2763,2023-07-26,0.0,35.84,19.92,0.0,0.0,0.0,0.0,0.0,0.0,0.0,0.0,0.0,0.0
2764,2023-07-27,0.0,37.49,21.72,0.0,0.0,0.0,0.0,0.0,0.0,0.0,0.0,0.0,0.0
2765,2023-07-28,0.0,37.91,19.82,0.0,0.0,0.0,0.0,0.0,0.0,0.0,0.0,0.0,0.0
2766,2023-07-29,0.0,37.64,19.9,0.0,0.0,0.0,0.0,0.0,0.0,0.0,0.0,0.0,0.0
2767,2023-07-30,0.0,37.33,21.69,0.0,0.0,0.0,0.0,0.0,0.0,0.0,0.0,0.0,0.0
2768,2023-07-31,0.0,35.96,22.99,0.0,0.0,0.0,0.0,0.0,0.0,0.0,0.0,0.0,0.0
2769,2023-08-01,1.08,32.94,21.67,0.0,0.0,0.0,0.0,0.0,0.0,0.0,0.0,0.0,0.0
2770,2023-08-02,8.42,26.58,16.73,0.0,0.0,0.0,0.0,0.0,0.0,0.0,0.0,0.0,0.0
2771,2023-08-03,11.89,25.29,16.06,0.0,0.0,0.0,0.0,0.0,0.0,0.0,0.0,0.0,0.0
2772,2023-08-04,0.0,28.93,15.15,0.0,0.0,0.0,0.0,0.0,0.0,0.0,0.0,0.0,0.0
2773,2023-08-05,0.0,30.89,16.58,0.0,0.0,0.0,0.0,0.0,0.0,0.0,0.0,0.0,0.0
2774,2023-08-06,0.0,30.3,19.02,0.0,0.0,0.0,0.0,0.0,0.0,0.0,0.0,0.0,0.0
2775,2023-08-07,0.0,29.92,16.75,0.0,0.0,0.0,0.0,0.0,0.0,0.0,0.0,0.0,0.0
2776,2023-08-08,0.0,25.98,16.88,0.0,0.0,0.0,0.0,0.0,0.0,0.0,0.0,0.0,0.0
2777,2023-08-09,0.0,30.07,13.79,0.0,0.0,0.0,0.0,0.0,0.0,0.0,0.0,0.0,0.0
2778,2023-08-10,0.0,32.54,16.95,0.0,0.0,0.0,0.0,0.0,0.0,0.0,0.0,0.0,0.0
2779,2023-08-11,0.0,33.42,17.94,0.0,0.0,0.0,0.0,0.0,0.0,0.0,0.0,0.0,0.0
2780,2023-08-12,0.0,33.15,19.47,0.0,0.0,0.0,0.0,0.0,0.0,0.0,0.0,0.0,0.0
2781,2023-08-13,0.0,33.08,18.36,0.0,0.0,0.0,0.0,0.0,0.0,0.0,0.0,0.0,0.0
2782,2023-08-14,0.0,34.3,19.84,0.0,0.0,0.0,0.0,0.0,0.0,0.0,0.0,0.0,0.0
2783,2023-08-15,0.0,35.17,19.05,0.0,0.0,0.0,0.0,0.0,0.0,0.0,0.0,0.0,0.0
2784,2023-08-16,0.0,33.97,19.95,0.0,0.0,0.0,0.0,0.0,0.0,0.0,0.0,0.0,0.0
2785,2023-08-17,0.0,36.02,20.9,0.0,0.0,0.0,0.0,0.0,0.0,0.0,0.0,0.0,0.0
2786,2023-08-18,0.0,34.88,21.3,0.0,0.0,0.0,0.0,0.0,0.0,0.0,0.0,0.0,0.0
2787,2023-08-19,0.86,31.24,21.22,0.0,0.0,0.0,0.0,0.0,0.0,0.0,0.0,0.0,0.0
2788,2023-08-20,0.77,28.06,18.36,0.0,0.0,0.0,0.0,0.0,0.0,0.0,0.0,0.0,0.0
2789,2023-08-21,0.8,29.67,18.43,0.0,0.0,0.0,0.0,0.0,0.0,0.0,0.0,0.0,0.0
2790,2023-08-22,5.72,23.19,16.47,0.0,0.0,0.0,0.0,0.0,0.0,0.0,0.0,0.0,0.0
2791,2023-08-23,0.0,29.9,14.65,0.0,0.0,0.0,0.0,0.0,0.0,0.0,0.0,0.0,0.0
2792,2023-08-24,0.0,32.25,16.9,0.0,0.0,0.0,0.0,0.0,0.0,0.0,0.0,0.0,0.0
2793,2023-08-25,0.0,32.4,17.51,0.0,0.0,0.0,0.0,0.0,0.0,0.0,0.0,0.0,0.0
2794,2023-08-26,4.93,33.86,21.13,0.0,0.0,0.0,0.0,0.0,0.0,0.0,0.0,0.0,0.0
2795,2023-08-27,0.0,32.26,18.17,0.0,0.0,0.0,0.0,0.0,0.0,0.0,0.0,0.0,0.0
2796,2023-08-28,0.0,34.28,17.57,0.0,0.0,0.0,0.0,0.0,0.0,0.0,0.0,0.0,0.0
2797,2023-08-29,0.0,37.38,17.53,0.0,0.0,0.0,0.0,0.0,0.0,0.0,0.0,0.0,0.0
2798,2023-08-30,0.0,30.38,15.81,0.0,0.0,0.0,0.0,0.0,0.0,0.0,0.0,0.0,0.0
2799,2023-08-31,0.0,32.6,12.49,0.0,0.0,0.0,0.0,0.0,0.0,0.0,0.0,0.0,0.0
2800,2023-09-01,0.0,28.09,18.25,0.0,0.0,0.0,0.0,0.0,0.0,0.0,0.0,0.0,0.0
2801,2023-09-02,0.0,28.42,18.33,0.0,0.0,0.0,0.0,0.0,0.0,0.0,0.0,0.0,0.0
2802,2023-09-03,7.24,28.83,15.93,0.0,0.0,0.0,0.0,0.0,0.0,0.0,0.0,0.0,0.0
2803,2023-09-04,7.44,19.76,12.26,0.0,0.0,0.0,0.0,0.0,0.0,0.0,0.0,0.0,0.0
2804,2023-09-05,0.0,25.52,11.06,0.0,0.0,0.0,0.0,0.0,0.0,0.0,0.0,0.0,0.0
2805,2023-09-06,0.0,27.52,10.91,0.0,0.0,0.0,0.0,0.0,0.0,0.0,0.0,0.0,0.0
2806,2023-09-07,0.0,30.18,13.39,0.0,0.0,0.0,0.0,0.0,0.0,0.0,0.0,0.0,0.0
2807,2023-09-08,0.0,31.04,15.11,0.0,0.0,0.0,0.0,0.0,0.0,0.0,0.0,0.0,0.0
2808,2023-09-09,0.0,30.3,13.4,0.0,0.0,0.0,0.0,0.0,0.0,0.0,0.0,0.0,0.0
2809,2023-09-10,0.0,29.28,14.94,0.0,0.0,0.0,0.0,0.0,0.0,0.0,0.0,0.0,0.0
2810,2023-09-11,0.0,29.31,13.77,0.0,0.0,0.0,0.0,0.0,0.0,0.0,0.0,0.0,0.0
2811,2023-09-12,0.0,28.67,14.39,0.0,0.0,0.0,0.0,0.0,0.0,0.0,0.0,0.0,0.0
2812,2023-09-13,0.0,26.96,15.06,0.0,0.0,0.0,0.0,0.0,0.0,0.0,0.0,0.0,0.0
2813,2023-09-14,0.0,26.14,11.79,0.0,0.0,0.0,0.0,0.0,0.0,0.0,0.0,0.0,0.0
2814,2023-09-15,0.0,27.42,12.51,0.0,0.0,0.0,0.0,0.0,0.0,0.0,0.0,0.0,0.0
2815,2023-09-16,0.0,28.21,11.58,0.0,0.0,0.0,0.0,0.0,0.0,0.0,0.0,0.0,0.0
2816,2023-09-17,0.0,29.74,12.12,0.0,0.0,0.0,0.0,0.0,0.0,0.0,0.0,0.0,0.0
2817,2023-09-18,0.0,29.88,13.59,0.0,0.0,0.0,0.0,0.0,0.0,0.0,0.0,0.0,0.0
2818,2023-09-19,0.0,28.25,14.52,0.0,0.0,0.0,0.0,0.0,0.0,0.0,0.0,0.0,0.0
2819,2023-09-20,3.84,27.78,13.54,0.0,0.0,0.0,0.0,0.0,0.0,0.0,0.0,0.0,0.0
2820,2023-09-21,16.45,17.61,10.31,0.0,0.0,0.0,0.0,0.0,0.0,0.0,0.0,0.0,0.0
2821,2023-09-22,6.09,16.23,8.13,0.0,0.0,0.0,0.0,0.0,0.0,0.0,0.0,0.0,0.0
2822,2023-09-23,0.0,20.54,5.67,0.0,0.0,0.0,0.0,0.0,0.0,0.0,0.0,0.0,0.0
2823,2023-09-24,0.0,24.52,7.08,0.0,0.0,0.0,0.0,0.0,0.0,0.0,0.0,0.0,0.0
2824,2023-09-25,0.0,28.32,9.84,0.0,0.0,0.0,0.0,0.0,0.0,0.0,0.0,0.0,0.0
2825,2023-09-26,0.0,28.89,12.9,0.0,0.0,0.0,0.0,0.0,0.0,0.0,0.0,0.0,0.0
2826,2023-09-27,0.0,28.46,12.78,0.0,0.0,0.0,0.0,0.0,0.0,0.0,0.0,0.0,0.0
2827,2023-09-28,0.0,24.55,10.49,0.0,0.0,0.0,0.0,0.0,0.0,0.0,0.0,0.0,0.0
2828,2023-09-29,0.0,25.61,8.78,0.0,0.0,0.0,0.0,0.0,0.0,0.0,0.0,0.0,0.0
2829,2023-09-30,7.74,25.22,11.42,0.0,0.0,0.0,0.0,0.0,0.0,0.0,0.0,0.0,0.0
2830,2023-10-01,1.68,20.59,10.07,0.0,0.0,0.0,0.0,0.0,0.0,0.0,0.0,0.0,0.0
2831,2023-10-02,16.83,12.89,8.59,0.0,0.0,0.0,0.0,0.0,0.0,0.0,0.0,0.0,0.0
2832,2023-10-03,3.23,12.38,7.84,0.0,0.0152399999999999,0.0,0.0,0.0,0.00508,0.0127,0.0,0.0,0.0
2833,2023-10-04,0.0,17.72,9.46,0.0,0.0127,0.0,0.0,0.0,0.0,0.00508,0.0,0.0,0.0
2834,2023-10-05,0.0,20.01,7.44,0.0,0.00508,0.0,0.0,0.0,0.0,0.00254,0.0,0.0,0.0
2835,2023-10-06,0.0,21.49,7.11,0.0,0.0,0.0,0.0,0.0,0.0,0.0,0.0,0.0,0.0
2836,2023-10-07,0.0,22.8,7.82,0.0,0.0,0.0,0.0,0.0,0.0,0.0,0.0,0.0,0.0
2837,2023-10-08,0.0,24.22,7.86,0.0,0.0,0.0,0.0,0.0,0.0,0.0,0.0,0.0,0.0
2838,2023-10-09,0.0,25.68,8.94,0.0,0.0,0.0,0.0,0.0,0.0,0.0,0.0,0.0,0.0
2839,2023-10-10,0.31,25.65,10.5,0.0,0.0,0.0,0.0,0.0,0.0,0.0,0.0,0.0,0.0
2840,2023-10-11,7.75,14.66,8.35,0.0,0.0,0.0,0.0,0.0,0.0,0.0,0.0,0.0,0.0
2841,2023-10-12,1.97,9.45,5.96,0.0,0.00508,0.00508,0.0,0.0,0.0076199999999999,0.00254,0.0,0.0,0.0
2842,2023-10-13,0.0,17.44,4.94,0.0,0.0177799999999999,0.0127,0.0,0.0,0.00508,0.00254,0.0,0.0,0.0
2843,2023-10-14,0.0,19.19,6.29,0.0,0.0127,0.0,0.0,0.0,0.0,0.0,0.0,0.0,0.0
2844,2023-10-15,0.0,21.26,5.65,0.0,0.0076199999999999,0.0,0.0,0.0,0.0,0.0,0.0,0.0,0.0
2845,2023-10-16,0.0,23.35,7.18,0.0,0.0,0.0,0.0,0.0,0.0,0.0,0.0,0.0,0.0
2846,2023-10-17,0.0,23.36,8.54,0.0,0.0,0.0,0.0,0.0,0.0,0.0,0.0,0.0,0.0
2847,2023-10-18,0.0,22.35,8.23,0.0,0.0,0.0,0.0,0.0,0.0,0.0,0.0,0.0,0.0
2848,2023-10-19,0.0,22.43,7.75,0.0,0.0,0.0,0.0,0.0,0.0,0.0,0.0,0.0,0.0
2849,2023-10-20,0.0,23.97,8.62,0.0,0.0,0.0,0.0,0.0,0.0,0.0,0.0,0.0,0.0
2850,2023-10-21,0.0,23.06,9.74,0.0,0.0,0.0,0.0,0.0,0.0,0.0,0.0,0.0,0.0
2851,2023-10-22,0.0,25.3,9.42,0.0,0.0,0.0,0.0,0.0,0.0,0.0,0.0,0.0,0.0
2852,2023-10-23,0.0,21.54,10.2,0.0,0.0,0.0,0.0,0.0,0.0,0.0,0.0,0.0,0.0
2853,2023-10-24,0.0,18.85,8.17,0.0,0.0,0.0,0.0,0.0,0.0,0.0,0.0,0.0,0.0
2854,2023-10-25,7.86,21.24,8.68,0.0,0.0,0.0,0.0,0.0,0.0,0.0,0.0,0.0,0.0
2855,2023-10-26,0.0,10.39,2.73,0.0,0.0,0.0,0.0,0.0,0.0,0.0,0.0,0.0,0.0
2856,2023-10-27,0.0,11.95,-0.25,0.00508,0.01016,0.0152399999999999,0.0,0.01016,0.0076199999999999,0.00508,0.01016,0.0,0.00254
2857,2023-10-28,0.0,8.0,-1.24,0.0076199999999999,0.0152399999999999,0.0177799999999999,0.0,0.01016,0.0076199999999999,0.00508,0.01016,0.0,0.00254
2858,2023-10-29,0.0,7.72,-2.53,0.0076199999999999,0.0152399999999999,0.0177799999999999,0.0,0.01016,0.01016,0.0076199999999999,0.01016,0.0,0.00254
2859,2023-10-30,0.0,8.42,-3.18,0.0076199999999999,0.0152399999999999,0.0177799999999999,0.0,0.01016,0.01016,0.0076199999999999,0.01016,0.0,0.00254
2860,2023-10-31,0.0,12.18,-3.69,0.0076199999999999,0.0152399999999999,0.0152399999999999,0.0,0.00254,0.01016,0.0076199999999999,0.01016,0.0,0.00254
2861,2023-11-01,0.0,13.39,-0.43,0.0076199999999999,0.01016,0.0152399999999999,0.0,0.0,0.01016,0.0076199999999999,0.01016,0.0,0.00254
2862,2023-11-02,0.0,16.04,1.64,0.00508,0.0076199999999999,0.01016,0.0,0.0,0.01016,0.0076199999999999,0.01016,0.0,0.0
2863,2023-11-03,0.0,18.49,5.78,0.00508,0.0076199999999999,0.01016,0.0,0.0,0.0076199999999999,0.0076199999999999,0.0076199999999999,0.0,0.0
2864,2023-11-04,0.0,19.54,4.98,0.0,0.00508,0.01016,0.0,0.0,0.0,0.00254,0.0,0.0,0.0
2865,2023-11-05,0.0,19.25,7.98,0.0,0.00508,0.01016,0.0,0.0,0.0,0.00254,0.0,0.0,0.0
2866,2023-11-06,5.93,19.95,8.94,0.0,0.00254,0.0076199999999999,0.0,0.0,0.0,0.0,0.0,0.0,0.0
2867,2023-11-07,7.14,11.03,2.88,0.0,0.00254,0.00508,0.0,0.0,0.0,0.0,0.0,0.0,0.0
2868,2023-11-08,0.0,9.07,-0.42,0.0,0.0177799999999999,0.02286,0.0076199999999999,0.0177799999999999,0.00508,0.02032,0.0076199999999999,0.0076199999999999,0.01016
2869,2023-11-09,0.0,9.2,-1.88,0.0,0.0152399999999999,0.02286,0.0076199999999999,0.0177799999999999,0.00508,0.02032,0.01016,0.0076199999999999,0.0076199999999999
2870,2023-11-10,0.0,9.59,-1.58,0.0,0.0152399999999999,0.02286,0.0076199999999999,0.0177799999999999,0.00508,0.02032,0.01016,0.0076199999999999,0.0076199999999999
2871,2023-11-11,0.0,12.51,-1.21,0.0,0.0152399999999999,0.02286,0.0076199999999999,0.0177799999999999,0.00508,0.02032,0.01016,0.0076199999999999,0.0076199999999999
2872,2023-11-12,0.0,15.31,1.04,0.0,0.0177799999999999,0.02286,0.00508,0.0177799999999999,0.0,0.02032,0.0076199999999999,0.0076199999999999,0.0076199999999999
2873,2023-11-13,0.0,17.43,4.44,0.0,0.0177799999999999,0.02286,0.00254,0.0152399999999999,0.0,0.02032,0.0076199999999999,0.0076199999999999,0.0076199999999999
2874,2023-11-14,0.0,18.29,4.78,0.0,0.0177799999999999,0.02286,0.00254,0.0152399999999999,0.0,0.02032,0.0,0.0076199999999999,0.0076199999999999
2875,2023-11-15,4.84,19.34,6.07,0.0,0.0177799999999999,0.02286,0.00254,0.0152399999999999,0.0,0.02032,0.0,0.0076199999999999,0.0
2876,2023-11-16,2.6,13.29,6.32,0.0,0.0177799999999999,0.02286,0.00254,0.0152399999999999,0.0,0.02032,0.0,0.0076199999999999,0.0
2877,2023-11-17,0.0,13.07,1.32,0.0076199999999999,0.0431799999999999,0.0380999999999999,0.0152399999999999,0.0152399999999999,0.0,0.0304799999999999,0.0,0.0076199999999999,0.0
2878,2023-11-18,2.31,9.82,2.13,0.0076199999999999,0.0431799999999999,0.0380999999999999,0.0152399999999999,0.0152399999999999,0.0,0.0304799999999999,0.0,0.0076199999999999,0.0
2879,2023-11-19,4.99,7.03,2.38,0.0127,0.04826,0.0431799999999999,0.0177799999999999,0.02286,0.0,0.0355599999999999,0.0,0.01016,0.0
2880,2023-11-20,0.0,8.82,0.12,0.0127,0.0584199999999999,0.05334,0.02286,0.0254,0.0076199999999999,0.04064,0.00254,0.01016,0.0
2881,2023-11-21,0.0,9.08,-2.73,0.0127,0.0584199999999999,0.05334,0.02286,0.0254,0.0076199999999999,0.04064,0.00254,0.01016,0.0
2882,2023-11-22,0.0,8.71,-2.13,0.0127,0.0584199999999999,0.05334,0.02286,0.0254,0.0076199999999999,0.0431799999999999,0.00254,0.01016,0.0
2883,2023-11-23,1.09,5.71,-0.71,0.0127,0.0584199999999999,0.05334,0.02286,0.0254,0.0076199999999999,0.0431799999999999,0.00508,0.01016,0.0
2884,2023-11-24,0.0,2.54,-1.8,0.0127,0.0584199999999999,0.05334,0.02286,0.03302,0.01016,0.0508,0.01016,0.0127,0.00254
2885,2023-11-25,0.0,3.66,-4.52,0.0152399999999999,0.0584199999999999,0.05588,0.0254,0.0380999999999999,0.0152399999999999,0.0584199999999999,0.0177799999999999,0.0152399999999999,0.00508
2886,2023-11-26,0.0,2.33,-5.21,0.0152399999999999,0.0584199999999999,0.05588,0.0254,0.0380999999999999,0.0152399999999999,0.0584199999999999,0.0177799999999999,0.0152399999999999,0.00508
2887,2023-11-27,0.0,2.8,-6.53,0.0152399999999999,0.0584199999999999,0.05588,0.0254,0.0380999999999999,0.0152399999999999,0.0584199999999999,0.0177799999999999,0.0152399999999999,0.00508
2888,2023-11-28,0.0,4.93,-5.47,0.0152399999999999,0.0609599999999999,0.0609599999999999,0.0254,0.0380999999999999,0.0152399999999999,0.0584199999999999,0.0177799999999999,0.0152399999999999,0.00508
2889,2023-11-29,0.0,4.05,-4.79,0.0152399999999999,0.0635,0.0609599999999999,0.0254,0.0380999999999999,0.0152399999999999,0.0584199999999999,0.0177799999999999,0.0152399999999999,0.00508
2890,2023-11-30,0.0,0.44,-4.36,0.0152399999999999,0.0635,0.0609599999999999,0.0254,0.0380999999999999,0.0152399999999999,0.0584199999999999,0.0177799999999999,0.0152399999999999,0.00508
2891,2023-12-01,6.06,1.46,-4.45,0.0152399999999999,0.0635,0.0609599999999999,0.0254,0.0380999999999999,0.0152399999999999,0.0584199999999999,0.0177799999999999,0.0152399999999999,0.00508
2892,2023-12-02,11.92,4.84,-2.09,0.0304799999999999,0.06858,0.0609599999999999,0.0254,0.05588,0.02794,0.0635,0.02794,0.02286,0.02286
2893,2023-12-03,14.19,5.67,-0.25,0.04572,0.0838199999999999,0.0736599999999999,0.0355599999999999,0.09398,0.0431799999999999,0.0761999999999999,0.0508,0.04064,0.0508
2894,2023-12-04,0.0,10.25,0.99,0.0761999999999999,0.10668,0.0863599999999999,0.0508,0.1168399999999999,0.09398,0.09652,0.09906,0.05588,0.0761999999999999
2895,2023-12-05,0.0,9.87,0.82,0.0761999999999999,0.10668,0.09652,0.0508,0.11938,0.09652,0.09906,0.1016,0.0584199999999999,0.0761999999999999
2896,2023-12-06,0.76,12.11,1.62,0.0761999999999999,0.10668,0.09652,0.0508,0.11938,0.09652,0.09906,0.1016,0.0584199999999999,0.0761999999999999
2897,2023-12-07,3.6,9.9,0.77,0.0761999999999999,0.10922,0.09652,0.05334,0.11938,0.09652,0.09906,0.1016,0.0584199999999999,0.07874
2898,2023-12-08,1.25,2.74,-3.68,0.0761999999999999,0.11938,0.1016,0.05334,0.12954,0.09906,0.1041399999999999,0.10668,0.0609599999999999,0.09144
2899,2023-12-09,0.0,1.85,-7.45,0.0863599999999999,0.13462,0.1168399999999999,0.0584199999999999,0.14986,0.10922,0.11176,0.12954,0.06858,0.1016
2900,2023-12-10,0.0,3.82,-5.75,0.0863599999999999,0.13462,0.1168399999999999,0.0584199999999999,0.14986,0.10922,0.11176,0.12954,0.06858,0.1016
2901,2023-12-11,0.0,6.75,-2.17,0.0888999999999999,0.13716,0.11938,0.0609599999999999,0.14986,0.10922,0.1143,0.13208,0.06858,0.1016
2902,2023-12-12,0.0,6.58,-2.22,0.0888999999999999,0.13716,0.11938,0.0609599999999999,0.14986,0.10922,0.1143,0.13208,0.06858,0.1016
2903,2023-12-13,0.0,8.38,-0.92,0.0888999999999999,0.13716,0.11938,0.0609599999999999,0.14986,0.10922,0.1143,0.13208,0.06858,0.1016
2904,2023-12-14,0.0,6.03,-3.27,0.0888999999999999,0.13716,0.11938,0.0609599999999999,0.14986,0.10922,0.1143,0.13208,0.06858,0.1016
2905,2023-12-15,0.0,6.28,-3.28,0.0888999999999999,0.13716,0.11938,0.0609599999999999,0.14986,0.10922,0.1143,0.13208,0.06858,0.1016
2906,2023-12-16,0.0,5.69,-3.26,0.0888999999999999,0.13716,0.11938,0.0609599999999999,0.14986,0.10922,0.1143,0.13208,0.06858,0.1016
2907,2023-12-17,0.0,5.08,-3.83,0.0888999999999999,0.13716,0.11938,0.0609599999999999,0.14986,0.10922,0.1143,0.13208,0.06858,0.1016
2908,2023-12-18,0.0,3.16,-2.45,0.0888999999999999,0.1397,0.11938,0.0609599999999999,0.14986,0.10922,0.1143,0.13208,0.06858,0.1016
2909,2023-12-19,0.0,10.08,-0.72,0.0888999999999999,0.1397,0.11938,0.0609599999999999,0.14986,0.10922,0.1143,0.13208,0.06858,0.1016
2910,2023-12-20,0.0,11.86,2.08,0.0888999999999999,0.1397,0.11938,0.06604,0.14986,0.10922,0.1219199999999999,0.13208,0.06858,0.1016
2911,2023-12-21,0.0,11.6,2.19,0.0888999999999999,0.1397,0.11938,0.06858,0.14986,0.10922,0.1219199999999999,0.13208,0.06858,0.1016
2912,2023-12-22,3.57,10.17,0.84,0.0888999999999999,0.1397,0.11938,0.06858,0.14986,0.10922,0.1219199999999999,0.13208,0.06858,0.1016
2913,2023-12-23,0.0,4.75,-1.67,0.0888999999999999,0.1397,0.11938,0.06858,0.14986,0.10922,0.1219199999999999,0.13462,0.06858,0.1016
2914,2023-12-24,0.0,1.63,-6.51,0.09144,0.14478,0.12446,0.0736599999999999,0.14986,0.11176,0.12446,0.13716,0.06858,0.1016
2915,2023-12-25,0.0,0.08,-8.72,0.09144,0.14478,0.12446,0.0736599999999999,0.14986,0.11176,0.12446,0.13716,0.06858,0.1016
2916,2023-12-26,0.0,0.86,-8.94,0.0888999999999999,0.14478,0.12446,0.0736599999999999,0.14986,0.11176,0.12446,0.13716,0.06858,0.1016
2917,2023-12-27,0.0,4.23,-3.42,0.0838199999999999,0.14478,0.12446,0.0736599999999999,0.14986,0.11176,0.12446,0.1397,0.06858,0.1016
2918,2023-12-28,0.0,5.98,-1.92,0.0838199999999999,0.14478,0.12446,0.0736599999999999,0.14986,0.11176,0.12446,0.1397,0.06858,0.1016
2919,2023-12-29,0.0,7.2,-2.25,0.08128,0.14478,0.12446,0.0736599999999999,0.14986,0.11176,0.12446,0.1397,0.06858,0.1016
2920,2023-12-30,0.0,7.32,-0.94,0.08128,0.14478,0.12446,0.0736599999999999,0.14986,0.11176,0.12446,0.1422399999999999,0.06858,0.1016
2921,2023-12-31,0.0,6.26,-2.53,0.08128,0.14478,0.12446,0.0736599999999999,0.14986,0.11176,0.12446,0.1422399999999999,0.06858,0.1016
2922,2024-01-01,0.0,6.04,-3.24,0.08128,0.14478,0.12446,0.0711199999999999,0.14986,0.11176,0.12446,0.1422399999999999,0.06858,0.1016
2923,2024-01-02,0.0,5.27,-4.18,0.08128,0.14478,0.12446,0.0711199999999999,0.14986,0.11176,0.12446,0.1422399999999999,0.06858,0.1016
2924,2024-01-03,0.0,4.85,-3.91,0.08128,0.14478,0.12446,0.0711199999999999,0.14986,0.11176,0.12446,0.1422399999999999,0.06858,0.1016
2925,2024-01-04,1.14,2.24,-3.18,0.08128,0.14478,0.12446,0.0711199999999999,0.14986,0.1143,0.127,0.14478,0.06858,0.1016
2926,2024-01-05,5.78,1.28,-4.15,0.08128,0.14986,0.127,0.0736599999999999,0.1523999999999999,0.1168399999999999,0.12954,0.1473199999999999,0.06858,0.1041399999999999
2927,2024-01-06,9.89,2.78,-6.43,0.08128,0.15494,0.13208,0.0761999999999999,0.1523999999999999,0.11938,0.13208,0.1473199999999999,0.0711199999999999,0.1041399999999999
2928,2024-01-07,0.0,-0.13,-7.04,0.0838199999999999,0.15494,0.13208,0.07874,0.15494,0.12446,0.13462,0.1523999999999999,0.0736599999999999,0.10668
2929,2024-01-08,0.0,-0.61,-11.52,0.0863599999999999,0.17018,0.1473199999999999,0.0888999999999999,0.15748,0.12954,0.13716,0.16002,0.0761999999999999,0.10922
2930,2024-01-09,1.73,2.44,-9.99,0.0863599999999999,0.17018,0.1473199999999999,0.0888999999999999,0.15748,0.12954,0.14478,0.16002,0.0761999999999999,0.10922
2931,2024-01-10,2.39,0.32,-6.24,0.0888999999999999,0.1777999999999999,0.15748,0.1016,0.17018,0.14478,0.15494,0.1651,0.07874,0.1168399999999999
2932,2024-01-11,1.81,-1.03,-9.11,0.1016,0.19304,0.1676399999999999,0.1143,0.1905,0.16002,0.17018,0.1777999999999999,0.0863599999999999,0.13208
2933,2024-01-12,1.29,2.36,-4.95,0.1041399999999999,0.19558,0.1676399999999999,0.1143,0.2082799999999999,0.1651,0.1727199999999999,0.18796,0.09652,0.1397
2934,2024-01-13,15.84,2.17,-7.2,0.127,0.21082,0.18542,0.13716,0.2438399999999999,0.1727199999999999,0.18288,0.20066,0.1219199999999999,0.1777999999999999
2935,2024-01-14,4.15,2.71,-2.4,0.1397,0.22606,0.18796,0.14478,0.26162,0.1905,0.19812,0.2209799999999999,0.13208,0.18542
2936,2024-01-15,0.0,0.95,-7.57,0.15494,0.2463799999999999,0.2032,0.1651,0.2819399999999999,0.21336,0.2286,0.2438399999999999,0.1397,0.19812
2937,2024-01-16,9.3,-1.87,-13.28,0.15494,0.2463799999999999,0.2032,0.1651,0.2844799999999999,0.21336,0.2286,0.2438399999999999,0.1397,0.19812
2938,2024-01-17,8.6,3.84,-6.28,0.15494,0.25146,0.2057399999999999,0.1651,0.2844799999999999,0.21336,0.2286,0.2438399999999999,0.1397,0.20066
2939,2024-01-18,0.0,8.66,-1.42,0.18288,0.2717799999999999,0.21844,0.18796,0.30988,0.2413,0.25908,0.27432,0.15494,0.21082
2940,2024-01-19,0.0,6.62,0.54,0.18288,0.2717799999999999,0.21844,0.18796,0.30988,0.2413,0.25908,0.27432,0.15494,0.2158999999999999
2941,2024-01-20,0.93,7.58,-0.38,0.18542,0.2717799999999999,0.21844,0.18796,0.30988,0.2413,0.26416,0.27432,0.15494,0.2158999999999999
2942,2024-01-21,0.99,6.53,1.83,0.18542,0.2717799999999999,0.21844,0.18796,0.30988,0.2413,0.26924,0.27686,0.15748,0.21844
2943,2024-01-22,0.0,8.01,2.55,0.18796,0.27432,0.21844,0.19558,0.31242,0.2438399999999999,0.2717799999999999,0.2794,0.15748,0.21844
2944,2024-01-23,2.73,7.95,2.31,0.18796,0.27432,0.21844,0.19558,0.31242,0.2438399999999999,0.27432,0.2794,0.15748,0.21844
2945,2024-01-24,1.04,7.7,1.24,0.1905,0.27432,0.21844,0.19558,0.31242,0.2438399999999999,0.2794,0.2794,0.15748,0.21844
2946,2024-01-25,2.65,4.13,1.21,0.1905,0.27432,0.21844,0.19558,0.31242,0.2438399999999999,0.2794,0.2794,0.15748,0.21844
2947,2024-01-26,0.0,7.3,1.01,0.19304,0.2844799999999999,0.22352,0.2032,0.32258,0.2463799999999999,0.2844799999999999,0.2819399999999999,0.16002,0.2209799999999999
2948,2024-01-27,0.0,8.28,0.5,0.19304,0.2844799999999999,0.22606,0.2032,0.32258,0.2463799999999999,0.2844799999999999,0.2819399999999999,0.16002,0.2209799999999999
2949,2024-01-28,0.0,9.35,0.54,0.19558,0.2844799999999999,0.22606,0.2032,0.32258,0.2463799999999999,0.2844799999999999,0.2819399999999999,0.16002,0.2209799999999999
2950,2024-01-29,0.0,10.59,0.99,0.19558,0.2844799999999999,0.22606,0.2032,0.32258,0.2463799999999999,0.2844799999999999,0.2819399999999999,0.16002,0.2209799999999999
2951,2024-01-30,0.0,11.34,0.92,0.19558,0.2844799999999999,0.22606,0.2032,0.32258,0.2463799999999999,0.2844799999999999,0.2819399999999999,0.16002,0.2209799999999999
2952,2024-01-31,0.0,15.15,1.8,0.19558,0.2844799999999999,0.22606,0.2032,0.32258,0.2463799999999999,0.2844799999999999,0.2819399999999999,0.16002,0.2209799999999999
2953,2024-02-01,7.97,14.02,4.01,0.19558,0.2844799999999999,0.22606,0.2032,0.32258,0.2463799999999999,0.2844799999999999,0.2819399999999999,0.16002,0.2209799999999999
2954,2024-02-02,10.82,7.58,1.64,0.19812,0.2844799999999999,0.22606,0.2082799999999999,0.32258,0.2463799999999999,0.28956,0.2819399999999999,0.16002,0.2209799999999999
2955,2024-02-03,0.0,6.98,1.49,0.21082,0.30226,0.2438399999999999,0.2209799999999999,0.32766,0.254,0.30988,0.2819399999999999,0.1651,0.22606
2956,2024-02-04,0.03,7.51,-0.45,0.21336,0.30734,0.24892,0.2336799999999999,0.3352799999999999,0.25654,0.31496,0.28702,0.1676399999999999,0.2286
2957,2024-02-05,5.48,8.59,3.65,0.2158999999999999,0.30734,0.24892,0.2336799999999999,0.3352799999999999,0.25654,0.32004,0.28702,0.1676399999999999,0.2286
2958,2024-02-06,5.94,11.43,4.23,0.2209799999999999,0.3175,0.25654,0.2463799999999999,0.35306,0.2717799999999999,0.35052,0.31242,0.18288,0.254
2959,2024-02-07,14.43,6.06,1.7,0.22606,0.3175,0.25654,0.2463799999999999,0.3555999999999999,0.27686,0.37846,0.32004,0.18796,0.25654
2960,2024-02-08,1.97,5.26,-0.11,0.24892,0.34036,0.27432,0.26924,0.37084,0.28956,0.38862,0.3429,0.19812,0.2819399999999999
2961,2024-02-09,1.15,3.57,-1.74,0.25146,0.3479799999999999,0.27686,0.27432,0.37338,0.2971799999999999,0.40386,0.3454399999999999,0.20066,0.2819399999999999
2962,2024-02-10,0.0,5.02,-5.35,0.25146,0.35052,0.27686,0.2794,0.37592,0.3047999999999999,0.4114799999999999,0.3454399999999999,0.2032,0.2819399999999999
2963,2024-02-11,0.0,3.52,-6.9,0.25146,0.35052,0.2794,0.2794,0.37592,0.3047999999999999,0.4114799999999999,0.3454399999999999,0.2032,0.2819399999999999
2964,2024-02-12,0.0,5.92,-5.69,0.25146,0.35052,0.2794,0.2794,0.37592,0.3047999999999999,0.4114799999999999,0.3454399999999999,0.2032,0.2819399999999999
2965,2024-02-13,0.0,7.98,-2.85,0.25146,0.35052,0.2794,0.2794,0.37592,0.3047999999999999,0.4114799999999999,0.3479799999999999,0.2032,0.2819399999999999
2966,2024-02-14,3.94,10.2,0.36,0.25146,0.35052,0.2794,0.2794,0.37592,0.3047999999999999,0.41402,0.3479799999999999,0.2032,0.2819399999999999
2967,2024-02-15,11.38,7.62,1.04,0.254,0.3555999999999999,0.2844799999999999,0.28702,0.37846,0.30734,0.4191,0.35052,0.2057399999999999,0.2819399999999999
2968,2024-02-16,0.84,7.38,-0.87,0.25654,0.37338,0.28956,0.2946399999999999,0.40386,0.32004,0.43688,0.37084,0.2158999999999999,0.2946399999999999
2969,2024-02-17,2.3,5.29,-3.88,0.26162,0.37592,0.2946399999999999,0.29972,0.42164,0.33274,0.44704,0.38862,0.21844,0.30226
2970,2024-02-18,2.32,7.15,-1.9,0.26162,0.37846,0.29972,0.30226,0.42164,0.33274,0.44704,0.38862,0.21844,0.3047999999999999
2971,2024-02-19,17.25,8.28,-1.29,0.26416,0.39116,0.29972,0.30734,0.4317999999999999,0.34036,0.4622799999999999,0.40386,0.22352,0.30988
2972,2024-02-20,11.5,7.73,1.57,0.27432,0.40132,0.31242,0.3175,0.4445,0.35052,0.4826,0.40894,0.22606,0.31242
2973,2024-02-21,12.42,4.6,0.91,0.2819399999999999,0.4191,0.32512,0.32766,0.4546599999999999,0.3606799999999999,0.4952999999999999,0.42672,0.23876,0.32258
2974,2024-02-22,0.0,7.88,0.73,0.28702,0.4292599999999999,0.33274,0.3352799999999999,0.4673599999999999,0.37338,0.508,0.43688,0.2438399999999999,0.3302
2975,2024-02-23,0.0,9.58,-0.37,0.28702,0.4292599999999999,0.33274,0.3352799999999999,0.4673599999999999,0.37338,0.508,0.43688,0.2438399999999999,0.3302
2976,2024-02-24,0.0,11.47,-1.51,0.28702,0.4292599999999999,0.33274,0.3352799999999999,0.4673599999999999,0.37338,0.508,0.43688,0.2438399999999999,0.3302
2977,2024-02-25,0.0,15.09,0.51,0.28702,0.4292599999999999,0.33274,0.33782,0.4673599999999999,0.37338,0.508,0.43688,0.2438399999999999,0.3302
2978,2024-02-26,0.0,13.46,1.19,0.28956,0.4317999999999999,0.33274,0.34036,0.4673599999999999,0.37338,0.508,0.43688,0.2413,0.3302
2979,2024-02-27,0.0,1.86,-3.15,0.2971799999999999,0.4419599999999999,0.3429,0.3454399999999999,0.47752,0.381,0.5206999999999999,0.44704,0.23876,0.3352799999999999
2980,2024-02-28,0.0,7.75,-5.28,0.2971799999999999,0.45212,0.35052,0.3454399999999999,0.48514,0.381,0.5257799999999999,0.44958,0.2413,0.34036
2981,2024-02-29,0.0,14.63,-0.87,0.2971799999999999,0.4546599999999999,0.35052,0.35052,0.48514,0.381,0.52832,0.44958,0.2413,0.34036
2982,2024-03-01,0.0,16.26,6.5,0.29972,0.4546599999999999,0.35052,0.35052,0.48514,0.381,0.5308599999999999,0.44958,0.2413,0.34036
2983,2024-03-02,12.15,12.34,-0.66,0.29972,0.4546599999999999,0.35052,0.35052,0.4876799999999999,0.381,0.5308599999999999,0.44958,0.2413,0.34036
2984,2024-03-03,2.07,2.47,-5.89,0.30734,0.4826,0.37592,0.3682999999999999,0.5054599999999999,0.4064,0.5461,0.46482,0.2463799999999999,0.35052
2985,2024-03-04,1.03,3.75,-6.23,0.31242,0.4927599999999999,0.381,0.37084,0.51308,0.4114799999999999,0.55118,0.4699,0.25146,0.3581399999999999
2986,2024-03-05,0.0,7.96,-4.24,0.31496,0.5003799999999999,0.381,0.37338,0.51816,0.41402,0.5588,0.4699,0.254,0.36576
2987,2024-03-06,1.11,10.32,1.55,0.31496,0.5003799999999999,0.381,0.37592,0.52324,0.41402,0.56642,0.47244,0.254,0.36576
2988,2024-03-07,3.01,5.85,-1.16,0.3175,0.5054599999999999,0.381,0.37592,0.53594,0.4165599999999999,0.56642,0.4749799999999999,0.254,0.37084
2989,2024-03-08,0.0,4.64,-5.27,0.32004,0.51308,0.38862,0.38608,0.53848,0.4191,0.57404,0.4749799999999999,0.25908,0.37592
2990,2024-03-09,0.0,9.33,-5.38,0.32004,0.51308,0.39116,0.38608,0.53848,0.4191,0.57404,0.4749799999999999,0.25908,0.37592
2991,2024-03-10,0.0,14.18,-0.46,0.32004,0.51308,0.3937,0.38608,0.53848,0.4191,0.57404,0.4749799999999999,0.25908,0.37592
2992,2024-03-11,0.0,13.17,2.21,0.32004,0.51308,0.3937,0.38608,0.53848,0.4191,0.57404,0.4749799999999999,0.25908,0.37592
2993,2024-03-12,3.52,9.57,2.09,0.32004,0.51308,0.3937,0.38608,0.53848,0.4191,0.57404,0.4749799999999999,0.25908,0.37592
2994,2024-03-13,0.0,7.42,-0.15,0.32512,0.5257799999999999,0.4064,0.39624,0.5461,0.43688,0.59182,0.4876799999999999,0.26162,0.37592
2995,2024-03-14,0.0,10.45,-0.33,0.32512,0.5308599999999999,0.4064,0.39624,0.5461,0.4419599999999999,0.5943599999999999,0.4876799999999999,0.26162,0.37592
2996,2024-03-15,0.0,12.94,2.48,0.32766,0.5308599999999999,0.4064,0.3987799999999999,0.55372,0.4419599999999999,0.5943599999999999,0.4876799999999999,0.26162,0.38862
2997,2024-03-16,0.0,13.91,4.39,0.33274,0.5334,0.40894,0.3987799999999999,0.55372,0.4419599999999999,0.5943599999999999,0.48514,0.25654,0.38862
2998,2024-03-17,0.0,15.3,6.58,0.33274,0.5334,0.40894,0.3987799999999999,0.55372,0.4419599999999999,0.5943599999999999,0.4800599999999999,0.2463799999999999,0.38862
2999,2024-03-18,0.0,16.41,3.18,0.33274,0.5334,0.40894,0.3987799999999999,0.55372,0.4419599999999999,0.5943599999999999,0.47752,0.2286,0.38862
3000,2024-03-19,0.0,16.46,3.29,0.33274,0.5334,0.40894,0.3987799999999999,0.55372,0.4419599999999999,0.5943599999999999,0.4749799999999999,0.2158999999999999,0.38862
3001,2024-03-20,0.0,18.67,4.22,0.33274,0.5334,0.40894,0.3987799999999999,0.55372,0.4419599999999999,0.5943599999999999,0.47244,0.20066,0.38862
3002,2024-03-21,0.0,16.89,4.97,0.33274,0.5334,0.40894,0.3987799999999999,0.55372,0.4317999999999999,0.5943599999999999,0.4699,0.18288,0.38608
3003,2024-03-22,0.0,18.89,3.33,0.33274,0.5334,0.40894,0.3987799999999999,0.54864,0.4241799999999999,0.5943599999999999,0.45974,0.1676399999999999,0.381
3004,2024-03-23,17.36,16.69,2.5,0.3352799999999999,0.5334,0.40894,0.3987799999999999,0.54102,0.4165599999999999,0.5943599999999999,0.44958,0.14986,0.37846
3005,2024-03-24,3.57,8.11,0.29,0.34036,0.5461,0.4165599999999999,0.4064,0.54864,0.4292599999999999,0.61468,0.4546599999999999,0.13716,0.38354
3006,2024-03-25,3.41,8.31,-0.69,0.3429,0.55372,0.42164,0.40894,0.54864,0.4419599999999999,0.6223,0.46482,0.12954,0.38354
3007,2024-03-26,3.06,7.58,0.26,0.3454399999999999,0.55626,0.42164,0.40894,0.55626,0.4419599999999999,0.6223,0.46482,0.12446,0.39116
3008,2024-03-27,0.0,11.43,-0.31,0.3606799999999999,0.5689599999999999,0.43434,0.42672,0.5689599999999999,0.46482,0.64008,0.4800599999999999,0.11938,0.39624
3009,2024-03-28,4.95,10.46,0.7,0.36322,0.57404,0.43688,0.4292599999999999,0.5715,0.4673599999999999,0.64262,0.48514,0.11938,0.39624
3010,2024-03-29,4.31,11.45,0.41,0.36576,0.5969,0.45212,0.43434,0.58674,0.4800599999999999,0.6527799999999999,0.5003799999999999,0.1143,0.40386
3011,2024-03-30,7.44,10.46,3.6,0.3682999999999999,0.60198,0.4546599999999999,0.43942,0.58674,0.4826,0.6604,0.50292,0.09906,0.4064
3012,2024-03-31,13.09,8.39,2.44,0.37338,0.61722,0.45974,0.45212,0.6070599999999999,0.49022,0.68072,0.51816,0.10668,0.4292599999999999
3013,2024-04-01,0.0,11.35,1.67,0.381,0.635,0.46482,0.45974,0.61976,0.4927599999999999,0.6908799999999999,0.52832,0.09398,0.43942
3014,2024-04-02,0.0,15.28,1.91,0.37846,0.635,0.46482,0.45974,0.61976,0.4927599999999999,0.6908799999999999,0.52832,0.0761999999999999,0.43688
3015,2024-04-03,0.0,20.42,4.23,0.37846,0.635,0.46482,0.45974,0.61976,0.49022,0.69342,0.52324,0.04572,0.43434
3016,2024-04-04,0.0,22.06,9.47,0.37592,0.635,0.46482,0.4572,0.61976,0.47752,0.6908799999999999,0.5206999999999999,0.02794,0.4292599999999999
3017,2024-04-05,3.42,16.58,3.17,0.37592,0.635,0.46482,0.4572,0.61214,0.4673599999999999,0.6883400000000001,0.51054,0.0177799999999999,0.42164
3018,2024-04-06,0.64,5.99,-0.58,0.37846,0.635,0.4622799999999999,0.45974,0.61214,0.4673599999999999,0.6883400000000001,0.51308,0.0127,0.4241799999999999
3019,2024-04-07,0.0,9.02,-0.76,0.381,0.635,0.4622799999999999,0.4622799999999999,0.62992,0.4876799999999999,0.70866,0.5206999999999999,0.0076199999999999,0.4317999999999999
3020,2024-04-08,0.0,11.35,-1.4,0.381,0.63754,0.4622799999999999,0.45974,0.635,0.4876799999999999,0.70866,0.5206999999999999,0.00508,0.4317999999999999
3021,2024-04-09,0.0,14.01,0.7,0.381,0.63754,0.46482,0.4572,0.635,0.4876799999999999,0.70866,0.5206999999999999,0.00254,0.4317999999999999
3022,2024-04-10,0.0,17.13,4.09,0.3682999999999999,0.63754,0.46482,0.4546599999999999,0.635,0.4876799999999999,0.70866,0.51308,0.0,0.4317999999999999
3023,2024-04-11,0.0,21.32,4.81,0.35306,0.63754,0.4622799999999999,0.44958,0.635,0.4876799999999999,0.70866,0.508,0.0,0.42164
3024,2024-04-12,0.0,26.23,7.1,0.3302,0.6324599999999999,0.4572,0.4419599999999999,0.62992,0.4622799999999999,0.70612,0.4927599999999999,0.0,0.40894
3025,2024-04-13,0.0,24.07,10.93,0.31242,0.61976,0.4419599999999999,0.42672,0.60198,0.4292599999999999,0.70612,0.46482,0.0,0.38862
3026,2024-04-14,23.97,21.51,8.52,0.2971799999999999,0.6095999999999999,0.4292599999999999,0.4064,0.5715,0.4064,0.6985,0.4419599999999999,0.0,0.37084
3027,2024-04-15,11.13,10.5,3.38,0.2794,0.60198,0.4114799999999999,0.38862,0.54864,0.37338,0.6908799999999999,0.4241799999999999,0.0,0.3479799999999999
3028,2024-04-16,0.0,17.17,5.19,0.28956,0.61214,0.4241799999999999,0.40386,0.5461,0.37338,0.69342,0.40894,0.0,0.3352799999999999
3029,2024-04-17,0.0,14.87,5.63,0.2844799999999999,0.61214,0.4165599999999999,0.3937,0.5308599999999999,0.35052,0.68326,0.38354,0.0,0.32004
3030,2024-04-18,0.0,13.17,0.6,0.27686,0.61214,0.4165599999999999,0.38354,0.5308599999999999,0.3352799999999999,0.67818,0.3606799999999999,0.0,0.3175
3031,2024-04-19,0.0,16.25,0.8,0.2667,0.6095999999999999,0.4114799999999999,0.37084,0.5257799999999999,0.3175,0.6705599999999999,0.3454399999999999,0.0,0.30226
3032,2024-04-20,0.0,19.54,5.63,0.25908,0.60452,0.4064,0.3606799999999999,0.4952999999999999,0.2946399999999999,0.66294,0.32766,0.0,0.2794
3033,2024-04-21,0.0,24.17,6.09,0.23876,0.5969,0.3937,0.34036,0.47752,0.26924,0.65532,0.29972,0.0,0.26162
3034,2024-04-22,0.0,21.11,7.84,0.2158999999999999,0.5841999999999999,0.37084,0.30988,0.43688,0.2336799999999999,0.64008,0.2667,0.0,0.2336799999999999
3035,2024-04-23,0.0,23.4,9.23,0.18796,0.5638799999999999,0.35052,0.2920999999999999,0.4064,0.19812,0.61976,0.2336799999999999,0.0,0.2082799999999999
3036,2024-04-24,0.0,25.74,11.58,0.1676399999999999,0.5435599999999999,0.3302,0.27432,0.37338,0.17018,0.60198,0.20066,0.0,0.18542
3037,2024-04-25,7.66,19.8,10.65,0.1523999999999999,0.52324,0.3047999999999999,0.24892,0.3429,0.1422399999999999,0.57912,0.1676399999999999,0.0,0.16256
3038,2024-04-26,10.76,13.8,8.51,0.13716,0.51562,0.2946399999999999,0.2311399999999999,0.3302,0.12954,0.57404,0.15494,0.0,0.1523999999999999
3039,2024-04-27,15.01,11.35,7.49,0.1422399999999999,0.5206999999999999,0.30226,0.2286,0.3429,0.12446,0.5969,0.1473199999999999,0.0,0.1523999999999999
3040,2024-04-28,1.63,16.63,5.41,0.13716,0.5206999999999999,0.30988,0.22352,0.35052,0.11176,0.5969,0.12446,0.0,0.1422399999999999
3041,2024-04-29,0.0,20.95,7.25,0.12954,0.51562,0.30988,0.21844,0.35052,0.1016,0.59944,0.11938,0.0,0.13208
3042,2024-04-30,0.0,15.94,3.22,0.11938,0.52324,0.29972,0.20066,0.33274,0.0711199999999999,0.59944,0.09652,0.0,0.1143
3043,2024-05-01,0.0,12.68,4.55,0.10668,0.51816,0.28956,0.18796,0.32004,0.04826,0.5969,0.0711199999999999,0.0,0.09652
3044,2024-05-02,0.9,17.45,1.04,0.09398,0.508,0.2844799999999999,0.1777999999999999,0.3175,0.02032,0.5943599999999999,0.04572,0.0,0.0888999999999999
3045,2024-05-03,0.0,14.63,5.16,0.07874,0.5054599999999999,0.26416,0.16256,0.2819399999999999,0.0076199999999999,0.58166,0.03302,0.0,0.0711199999999999
3046,2024-05-04,0.0,25.58,4.76,0.07874,0.5054599999999999,0.2717799999999999,0.1676399999999999,0.30988,0.0,0.57912,0.0254,0.0,0.06604
3047,2024-05-05,26.13,19.19,3.77,0.05588,0.4952999999999999,0.23876,0.13716,0.25146,0.0,0.55626,0.0152399999999999,0.0,0.0431799999999999
3048,2024-05-06,3.25,12.02,1.43,0.04826,0.49022,0.23622,0.12446,0.2463799999999999,0.0152399999999999,0.5613400000000001,0.02794,0.0,0.0304799999999999
3049,2024-05-07,0.05,12.51,2.68,0.0609599999999999,0.5003799999999999,0.2463799999999999,0.13208,0.2794,0.05588,0.56642,0.0761999999999999,0.0,0.04826
3050,2024-05-08,0.0,10.47,2.07,0.0761999999999999,0.51816,0.26924,0.14986,0.2946399999999999,0.0736599999999999,0.58674,0.09144,0.0,0.05334
3051,2024-05-09,0.0,16.31,3.46,0.0761999999999999,0.5206999999999999,0.26924,0.14986,0.29972,0.0736599999999999,0.5892799999999999,0.09144,0.0,0.05334
3052,2024-05-10,0.0,19.92,9.48,0.0736599999999999,0.5206999999999999,0.26162,0.1422399999999999,0.2971799999999999,0.06858,0.59182,0.0888999999999999,0.0,0.04064
3053,2024-05-11,0.0,23.84,7.41,0.06858,0.51816,0.25908,0.13716,0.28956,0.0609599999999999,0.59182,0.0863599999999999,0.0,0.02286
3054,2024-05-12,0.0,25.58,9.77,0.05588,0.51308,0.2413,0.1143,0.26416,0.0431799999999999,0.5892799999999999,0.0609599999999999,0.0,0.0127
3055,2024-05-13,0.0,27.25,11.32,0.0177799999999999,0.4952999999999999,0.21336,0.08128,0.2336799999999999,0.00508,0.5638799999999999,0.02794,0.0,0.0
3056,2024-05-14,0.0,23.82,8.2,0.0,0.49022,0.18796,0.0508,0.19558,0.0,0.53594,0.0152399999999999,0.0,0.0
3057,2024-05-15,0.0,23.35,9.01,0.0,0.47244,0.1676399999999999,0.02032,0.1777999999999999,0.0,0.4952999999999999,0.01016,0.0,0.0
3058,2024-05-16,0.0,24.59,9.2,0.0,0.44958,0.1473199999999999,0.0,0.15494,0.0,0.4749799999999999,0.00508,0.0,0.0
3059,2024-05-17,0.0,27.39,11.41,0.0,0.4114799999999999,0.11938,0.0,0.11938,0.0,0.4419599999999999,0.0,0.0,0.0
3060,2024-05-18,0.0,25.84,8.64,0.0,0.37846,0.0863599999999999,0.0,0.0761999999999999,0.0,0.4064,0.0,0.0,0.0
3061,2024-05-19,0.97,22.73,12.39,0.0,0.33782,0.0508,0.0,0.04064,0.0,0.37846,0.0,0.0,0.0
3062,2024-05-20,0.0,17.57,8.7,0.0,0.30226,0.0254,0.0,0.0,0.0,0.32766,0.0,0.0,0.0
3063,2024-05-21,0.0,17.66,2.72,0.0,0.29972,0.0,0.0,0.0,0.0,0.3454399999999999,0.00254,0.0,0.0
3064,2024-05-22,0.0,22.52,6.95,0.0,0.30734,0.0,0.0,0.0,0.0,0.3454399999999999,0.0,0.0,0.0
3065,2024-05-23,0.0,15.19,4.91,0.0,0.2844799999999999,0.0,0.0,0.0,0.0,0.32004,0.0,0.0,0.0
3066,2024-05-24,0.0,20.89,4.29,0.0,0.2844799999999999,0.0,0.0,0.0,0.0,0.31242,0.0,0.0,0.0
3067,2024-05-25,8.44,15.71,8.45,0.0,0.26416,0.0,0.0,0.0,0.0,0.2844799999999999,0.0,0.0,0.0
3068,2024-05-26,0.0,22.63,9.17,0.0,0.26924,0.0,0.0,0.0,0.0,0.2920999999999999,0.00254,0.0,0.0
3069,2024-05-27,0.0,27.06,9.06,0.0,0.25654,0.0,0.0,0.0,0.0,0.2794,0.0,0.0,0.0
3070,2024-05-28,0.0,30.43,9.87,0.0,0.22352,0.0,0.0,0.0,0.0,0.23876,0.0,0.0,0.0
3071,2024-05-29,0.0,26.72,13.81,0.0,0.1905,0.0,0.0,0.0,0.0,0.20066,0.0,0.0,0.0
3072,2024-05-30,0.0,21.75,6.58,0.0,0.1523999999999999,0.0,0.0,0.0,0.0,0.16002,0.0,0.0,0.0
3073,2024-05-31,0.0,24.98,7.83,0.0,0.12446,0.0,0.0,0.0,0.0,0.13208,0.0,0.0,0.0
3074,2024-06-01,0.0,28.65,11.62,0.0,0.09398,0.0,0.0,0.0,0.0,0.09652,0.0,0.0,0.0
3075,2024-06-02,0.0,28.1,15.28,0.0,0.0609599999999999,0.0,0.0,0.0,0.0,0.0584199999999999,0.0,0.0,0.0
3076,2024-06-03,0.0,22.57,15.41,0.0,0.0254,0.0,0.0,0.0,0.0,0.0254,0.0,0.0,0.0
3077,2024-06-04,0.0,25.95,13.06,0.0,0.0127,0.0,0.0,0.0,0.0,0.01016,0.0,0.0,0.0
3078,2024-06-05,0.0,30.51,12.68,0.0,0.00508,0.0,0.0,0.0,0.0,0.0,0.0,0.0,0.0
3079,2024-06-06,0.0,34.97,14.75,0.0,0.0,0.0,0.0,0.0,0.0,0.0,0.0,0.0,0.0
3080,2024-06-07,0.0,33.44,19.67,0.0,0.0,0.0,0.0,0.0,0.0,0.0,0.0,0.0,0.0
3081,2024-06-08,0.0,32.37,15.67,0.0,0.0,0.0,0.0,0.0,0.0,0.0,0.0,0.0,0.0
3082,2024-06-09,0.0,34.88,18.78,0.0,0.0,0.0,0.0,0.0,0.0,0.0,0.0,0.0,0.0
3083,2024-06-10,0.0,30.14,16.5,0.0,0.0,0.0,0.0,0.0,0.0,0.0,0.0,0.0,0.0
3084,2024-06-11,0.0,33.39,14.31,0.0,0.0,0.0,0.0,0.0,0.0,0.0,0.0,0.0,0.0
3085,2024-06-12,0.0,36.16,16.36,0.0,0.0,0.0,0.0,0.0,0.0,0.0,0.0,0.0,0.0
3086,2024-06-13,0.0,37.03,17.42,0.0,0.0,0.0,0.0,0.0,0.0,0.0,0.0,0.0,0.0
3087,2024-06-14,0.0,34.23,19.32,0.0,0.0,0.0,0.0,0.0,0.0,0.0,0.0,0.0,0.0
3088,2024-06-15,0.0,30.23,16.92,0.0,0.0,0.0,0.0,0.0,0.0,0.0,0.0,0.0,0.0
3089,2024-06-16,0.0,26.06,13.5,0.0,0.0,0.0,0.0,0.0,0.0,0.0,0.0,0.0,0.0
3090,2024-06-17,0.0,23.25,9.26,0.0,0.0,0.0,0.0,0.0,0.0,0.0,0.0,0.0,0.0
3091,2024-06-18,0.0,19.55,3.84,0.0,0.0,0.0,0.0,0.0,0.0,0.0,0.0,0.0,0.0
3092,2024-06-19,0.0,27.25,7.35,0.0,0.0,0.0,0.0,0.0,0.0,0.0,0.0,0.0,0.0
3093,2024-06-20,0.0,32.72,13.44,0.0,0.0,0.0,0.0,0.0,0.0,0.0,0.0,0.0,0.0
3094,2024-06-21,0.0,32.66,17.15,0.0,0.0,0.0,0.0,0.0,0.0,0.0,0.0,0.0,0.0
3095,2024-06-22,0.0,35.19,17.21,0.0,0.0,0.0,0.0,0.0,0.0,0.0,0.0,0.0,0.0
3096,2024-06-23,0.0,37.2,19.36,0.0,0.0,0.0,0.0,0.0,0.0,0.0,0.0,0.0,0.0
3097,2024-06-24,0.0,35.57,19.64,0.0,0.0,0.0,0.0,0.0,0.0,0.0,0.0,0.0,0.0
3098,2024-06-25,0.0,37.63,19.28,0.0,0.0,0.0,0.0,0.0,0.0,0.0,0.0,0.0,0.0
3099,2024-06-26,0.0,35.8,22.2,0.0,0.0,0.0,0.0,0.0,0.0,0.0,0.0,0.0,0.0
3100,2024-06-27,0.0,33.61,19.86,0.0,0.0,0.0,0.0,0.0,0.0,0.0,0.0,0.0,0.0
3101,2024-06-28,0.0,30.55,13.84,0.0,0.0,0.0,0.0,0.0,0.0,0.0,0.0,0.0,0.0
3102,2024-06-29,0.0,36.57,14.55,0.0,0.0,0.0,0.0,0.0,0.0,0.0,0.0,0.0,0.0
3103,2024-06-30,0.0,37.28,19.59,0.0,0.0,0.0,0.0,0.0,0.0,0.0,0.0,0.0,0.0
3104,2024-07-01,0.0,29.06,19.91,0.0,0.0,0.0,0.0,0.0,0.0,0.0,0.0,0.0,0.0
3105,2024-07-02,0.0,28.05,12.63,0.0,0.0,0.0,0.0,0.0,0.0,0.0,0.0,0.0,0.0
3106,2024-07-03,0.0,30.53,13.99,0.0,0.0,0.0,0.0,0.0,0.0,0.0,0.0,0.0,0.0
3107,2024-07-04,0.0,29.52,12.46,0.0,0.0,0.0,0.0,0.0,0.0,0.0,0.0,0.0,0.0
3108,2024-07-05,0.0,32.25,12.78,0.0,0.0,0.0,0.0,0.0,0.0,0.0,0.0,0.0,0.0
3109,2024-07-06,0.0,33.44,14.77,0.0,0.0,0.0,0.0,0.0,0.0,0.0,0.0,0.0,0.0
3110,2024-07-07,0.0,33.42,16.11,0.0,0.0,0.0,0.0,0.0,0.0,0.0,0.0,0.0,0.0
3111,2024-07-08,0.0,34.78,16.78,0.0,0.0,0.0,0.0,0.0,0.0,0.0,0.0,0.0,0.0
3112,2024-07-09,0.0,37.36,17.88,0.0,0.0,0.0,0.0,0.0,0.0,0.0,0.0,0.0,0.0
3113,2024-07-10,0.0,39.46,19.23,0.0,0.0,0.0,0.0,0.0,0.0,0.0,0.0,0.0,0.0
3114,2024-07-11,0.0,40.57,21.24,0.0,0.0,0.0,0.0,0.0,0.0,0.0,0.0,0.0,0.0
3115,2024-07-12,0.0,40.66,21.28,0.0,0.0,0.0,0.0,0.0,0.0,0.0,0.0,0.0,0.0
3116,2024-07-13,0.0,39.24,21.56,0.0,0.0,0.0,0.0,0.0,0.0,0.0,0.0,0.0,0.0
3117,2024-07-14,0.0,38.33,24.52,0.0,0.0,0.0,0.0,0.0,0.0,0.0,0.0,0.0,0.0
3118,2024-07-15,0.0,35.16,22.32,0.0,0.0,0.0,0.0,0.0,0.0,0.0,0.0,0.0,0.0
3119,2024-07-16,0.0,35.07,19.57,0.0,0.0,0.0,0.0,0.0,0.0,0.0,0.0,0.0,0.0
3120,2024-07-17,0.0,38.06,21.03,0.0,0.0,0.0,0.0,0.0,0.0,0.0,0.0,0.0,0.0
3121,2024-07-18,0.0,38.55,22.28,0.0,0.0,0.0,0.0,0.0,0.0,0.0,0.0,0.0,0.0
3122,2024-07-19,0.0,37.33,22.43,0.0,0.0,0.0,0.0,0.0,0.0,0.0,0.0,0.0,0.0
3123,2024-07-20,0.0,38.18,21.73,0.0,0.0,0.0,0.0,0.0,0.0,0.0,0.0,0.0,0.0
3124,2024-07-21,0.0,37.49,23.49,0.0,0.0,0.0,0.0,0.0,0.0,0.0,0.0,0.0,0.0
3125,2024-07-22,0.0,37.41,24.21,0.0,0.0,0.0,0.0,0.0,0.0,0.0,0.0,0.0,0.0
3126,2024-07-23,0.0,38.41,22.54,0.0,0.0,0.0,0.0,0.0,0.0,0.0,0.0,0.0,0.0
3127,2024-07-24,0.0,39.14,22.55,0.0,0.0,0.0,0.0,0.0,0.0,0.0,0.0,0.0,0.0
3128,2024-07-25,0.0,35.49,22.17,0.0,0.0,0.0,0.0,0.0,0.0,0.0,0.0,0.0,0.0
3129,2024-07-26,0.0,33.67,20.75,0.0,0.0,0.0,0.0,0.0,0.0,0.0,0.0,0.0,0.0
3130,2024-07-27,3.02,33.65,19.7,0.0,0.0,0.0,0.0,0.0,0.0,0.0,0.0,0.0,0.0
3131,2024-07-28,0.0,32.91,16.37,0.0,0.0,0.0,0.0,0.0,0.0,0.0,0.0,0.0,0.0
3132,2024-07-29,0.0,35.3,17.86,0.0,0.0,0.0,0.0,0.0,0.0,0.0,0.0,0.0,0.0
3133,2024-07-30,0.0,33.88,18.56,0.0,0.0,0.0,0.0,0.0,0.0,0.0,0.0,0.0,0.0
3134,2024-07-31,0.0,33.93,17.19,0.0,0.0,0.0,0.0,0.0,0.0,0.0,0.0,0.0,0.0
3135,2024-08-01,0.0,37.44,18.27,0.0,0.0,0.0,0.0,0.0,0.0,0.0,0.0,0.0,0.0
3136,2024-08-02,0.0,39.18,19.55,0.0,0.0,0.0,0.0,0.0,0.0,0.0,0.0,0.0,0.0
3137,2024-08-03,0.0,37.47,21.87,0.0,0.0,0.0,0.0,0.0,0.0,0.0,0.0,0.0,0.0
3138,2024-08-04,0.0,36.68,22.19,0.0,0.0,0.0,0.0,0.0,0.0,0.0,0.0,0.0,0.0
3139,2024-08-05,0.0,38.92,21.15,0.0,0.0,0.0,0.0,0.0,0.0,0.0,0.0,0.0,0.0
3140,2024-08-06,0.0,38.92,24.49,0.0,0.0,0.0,0.0,0.0,0.0,0.0,0.0,0.0,0.0
3141,2024-08-07,0.0,37.42,22.51,0.0,0.0,0.0,0.0,0.0,0.0,0.0,0.0,0.0,0.0
3142,2024-08-08,0.0,36.28,21.03,0.0,0.0,0.0,0.0,0.0,0.0,0.0,0.0,0.0,0.0
3143,2024-08-09,2.17,36.69,21.87,0.0,0.0,0.0,0.0,0.0,0.0,0.0,0.0,0.0,0.0
3144,2024-08-10,0.0,36.66,19.53,0.0,0.0,0.0,0.0,0.0,0.0,0.0,0.0,0.0,0.0
3145,2024-08-11,6.82,35.68,19.75,0.0,0.0,0.0,0.0,0.0,0.0,0.0,0.0,0.0,0.0
3146,2024-08-12,3.77,32.54,19.45,0.0,0.0,0.0,0.0,0.0,0.0,0.0,0.0,0.0,0.0
3147,2024-08-13,1.17,31.39,18.63,0.0,0.0,0.0,0.0,0.0,0.0,0.0,0.0,0.0,0.0
3148,2024-08-14,0.0,32.08,16.33,0.0,0.0,0.0,0.0,0.0,0.0,0.0,0.0,0.0,0.0
3149,2024-08-15,0.0,34.42,17.89,0.0,0.0,0.0,0.0,0.0,0.0,0.0,0.0,0.0,0.0
3150,2024-08-16,0.0,34.86,16.77,0.0,0.0,0.0,0.0,0.0,0.0,0.0,0.0,0.0,0.0
3151,2024-08-17,18.59,32.62,17.34,0.0,0.0,0.0,0.0,0.0,0.0,0.0,0.0,0.0,0.0
3152,2024-08-18,0.72,33.2,17.35,0.0,0.0,0.0,0.0,0.0,0.0,0.0,0.0,0.0,0.0
3153,2024-08-19,1.24,33.86,17.93,0.0,0.0,0.0,0.0,0.0,0.0,0.0,0.0,0.0,0.0
3154,2024-08-20,0.0,36.56,21.5,0.0,0.0,0.0,0.0,0.0,0.0,0.0,0.0,0.0,0.0
3155,2024-08-21,0.0,33.76,20.35,0.0,0.0,0.0,0.0,0.0,0.0,0.0,0.0,0.0,0.0
3156,2024-08-22,0.0,33.78,17.2,0.0,0.0,0.0,0.0,0.0,0.0,0.0,0.0,0.0,0.0
3157,2024-08-23,0.0,32.63,20.56,0.0,0.0,0.0,0.0,0.0,0.0,0.0,0.0,0.0,0.0
3158,2024-08-24,0.0,32.59,18.8,0.0,0.0,0.0,0.0,0.0,0.0,0.0,0.0,0.0,0.0
3159,2024-08-25,0.0,27.57,15.76,0.0,0.0,0.0,0.0,0.0,0.0,0.0,0.0,0.0,0.0
3160,2024-08-26,0.0,26.08,12.59,0.0,0.0,0.0,0.0,0.0,0.0,0.0,0.0,0.0,0.0
3161,2024-08-27,0.0,30.9,11.59,0.0,0.0,0.0,0.0,0.0,0.0,0.0,0.0,0.0,0.0
3162,2024-08-28,0.0,29.75,14.18,0.0,0.0,0.0,0.0,0.0,0.0,0.0,0.0,0.0,0.0
3163,2024-08-29,0.0,27.28,9.91,0.0,0.0,0.0,0.0,0.0,0.0,0.0,0.0,0.0,0.0
3164,2024-08-30,0.0,29.88,10.74,0.0,0.0,0.0,0.0,0.0,0.0,0.0,0.0,0.0,0.0
3165,2024-08-31,0.0,32.51,13.22,0.0,0.0,0.0,0.0,0.0,0.0,0.0,0.0,0.0,0.0
3166,2024-09-01,0.0,34.19,15.03,0.0,0.0,0.0,0.0,0.0,0.0,0.0,0.0,0.0,0.0
3167,2024-09-02,0.0,34.5,15.72,0.0,0.0,0.0,0.0,0.0,0.0,0.0,0.0,0.0,0.0
3168,2024-09-03,0.0,32.52,18.8,0.0,0.0,0.0,0.0,0.0,0.0,0.0,0.0,0.0,0.0
3169,2024-09-04,0.0,27.88,16.56,0.0,0.0,0.0,0.0,0.0,0.0,0.0,0.0,0.0,0.0
3170,2024-09-05,0.0,31.14,15.96,0.0,0.0,0.0,0.0,0.0,0.0,0.0,0.0,0.0,0.0
3171,2024-09-06,0.0,32.39,16.58,0.0,0.0,0.0,0.0,0.0,0.0,0.0,0.0,0.0,0.0
3172,2024-09-07,0.0,33.13,15.0,0.0,0.0,0.0,0.0,0.0,0.0,0.0,0.0,0.0,0.0
3173,2024-09-08,0.0,32.8,16.49,0.0,0.0,0.0,0.0,0.0,0.0,0.0,0.0,0.0,0.0
3174,2024-09-09,0.0,32.48,18.72,0.0,0.0,0.0,0.0,0.0,0.0,0.0,0.0,0.0,0.0
3175,2024-09-10,0.0,33.13,17.61,0.0,0.0,0.0,0.0,0.0,0.0,0.0,0.0,0.0,0.0
3176,2024-09-11,0.0,32.74,19.06,0.0,0.0,0.0,0.0,0.0,0.0,0.0,0.0,0.0,0.0
3177,2024-09-12,0.0,22.08,13.07,0.0,0.0,0.0,0.0,0.0,0.0,0.0,0.0,0.0,0.0
3178,2024-09-13,0.0,24.47,8.77,0.0,0.0,0.0,0.0,0.0,0.0,0.0,0.0,0.0,0.0
3179,2024-09-14,0.0,28.42,9.03,0.0,0.0,0.0,0.0,0.0,0.0,0.0,0.0,0.0,0.0
3180,2024-09-15,3.22,30.6,12.82,0.0,0.0,0.0,0.0,0.0,0.0,0.0,0.0,0.0,0.0
3181,2024-09-16,3.37,27.08,15.24,0.0,0.0,0.0,0.0,0.0,0.0,0.0,0.0,0.0,0.0
3182,2024-09-17,4.77,18.08,9.24,0.0,0.0,0.0,0.0,0.0,0.0,0.0,0.0,0.0,0.0
3183,2024-09-18,0.0,20.97,7.9,0.0,0.0,0.0,0.0,0.0,0.0,0.0,0.0,0.0,0.0
3184,2024-09-19,0.0,24.28,8.78,0.0,0.0,0.0,0.0,0.0,0.0,0.0,0.0,0.0,0.0
3185,2024-09-20,0.0,26.36,10.15,0.0,0.0,0.0,0.0,0.0,0.0,0.0,0.0,0.0,0.0
3186,2024-09-21,0.0,26.15,11.16,0.0,0.0,0.0,0.0,0.0,0.0,0.0,0.0,0.0,0.0
3187,2024-09-22,0.0,25.66,11.33,0.0,0.0,0.0,0.0,0.0,0.0,0.0,0.0,0.0,0.0
3188,2024-09-23,0.0,25.08,10.24,0.0,0.0,0.0,0.0,0.0,0.0,0.0,0.0,0.0,0.0
3189,2024-09-24,0.0,27.68,11.43,0.0,0.0,0.0,0.0,0.0,0.0,0.0,0.0,0.0,0.0
3190,2024-09-25,0.0,31.96,13.19,0.0,0.0,0.0,0.0,0.0,0.0,0.0,0.0,0.0,0.0
3191,2024-09-26,0.0,31.7,15.92,0.0,0.0,0.0,0.0,0.0,0.0,0.0,0.0,0.0,0.0
3192,2024-09-27,0.0,30.29,12.41,0.0,0.0,0.0,0.0,0.0,0.0,0.0,0.0,0.0,0.0
3193,2024-09-28,0.0,33.21,13.56,0.0,0.0,0.0,0.0,0.0,0.0,0.0,0.0,0.0,0.0
3194,2024-09-29,0.0,34.06,15.94,0.0,0.0,0.0,0.0,0.0,0.0,0.0,0.0,0.0,0.0
3195,2024-09-30,0.0,25.46,10.95,0.0,0.0,0.0,0.0,0.0,0.0,0.0,0.0,0.0,0.0
3196,2024-10-01,0.0,26.06,8.06,0.0,0.0,0.0,0.0,0.0,0.0,0.0,0.0,0.0,0.0
3197,2024-10-02,0.0,28.43,10.57,0.0,0.0,0.0,0.0,0.0,0.0,0.0,0.0,0.0,0.0
3198,2024-10-03,0.0,27.32,10.81,0.0,0.0,0.0,0.0,0.0,0.0,0.0,0.0,0.0,0.0
3199,2024-10-04,0.0,31.35,11.71,0.0,0.0,0.0,0.0,0.0,0.0,0.0,0.0,0.0,0.0
3200,2024-10-05,0.0,26.94,11.82,0.0,0.0,0.0,0.0,0.0,0.0,0.0,0.0,0.0,0.0
3201,2024-10-06,0.0,28.04,11.03,0.0,0.0,0.0,0.0,0.0,0.0,0.0,0.0,0.0,0.0
3202,2024-10-07,0.0,28.09,12.37,0.0,0.0,0.0,0.0,0.0,0.0,0.0,0.0,0.0,0.0
3203,2024-10-08,0.0,28.47,12.47,0.0,0.0,0.0,0.0,0.0,0.0,0.0,0.0,0.0,0.0
3204,2024-10-09,0.0,29.86,12.73,0.0,0.0,0.0,0.0,0.0,0.0,0.0,0.0,0.0,0.0
3205,2024-10-10,0.0,30.17,13.7,0.0,0.0,0.0,0.0,0.0,0.0,0.0,0.0,0.0,0.0
3206,2024-10-11,0.0,28.83,13.71,0.0,0.0,0.0,0.0,0.0,0.0,0.0,0.0,0.0,0.0
3207,2024-10-12,0.0,27.92,12.7,0.0,0.0,0.0,0.0,0.0,0.0,0.0,0.0,0.0,0.0
3208,2024-10-13,0.0,27.18,11.08,0.0,0.0,0.0,0.0,0.0,0.0,0.0,0.0,0.0,0.0
3209,2024-10-14,0.0,27.39,11.7,0.0,0.0,0.0,0.0,0.0,0.0,0.0,0.0,0.0,0.0
3210,2024-10-15,0.0,26.58,12.39,0.0,0.0,0.0,0.0,0.0,0.0,0.0,0.0,0.0,0.0
3211,2024-10-16,4.88,27.25,12.21,0.0,0.0,0.0,0.0,0.0,0.0,0.0,0.0,0.0,0.0
3212,2024-10-17,9.94,17.08,7.12,0.0,0.0,0.0,0.0,0.0,0.0,0.0,0.0,0.0,0.0
3213,2024-10-18,0.0,12.68,5.12,0.0,0.0076199999999999,0.0,0.0,0.0,0.0,0.0,0.00254,0.0,0.0
3214,2024-10-19,0.0,17.38,4.47,0.0,0.0152399999999999,0.0152399999999999,0.0,0.0,0.0,0.00508,0.0076199999999999,0.0,0.0
3215,2024-10-20,0.0,18.5,5.58,0.0,0.0127,0.0152399999999999,0.0,0.0,0.0,0.00254,0.00508,0.0,0.0
3216,2024-10-21,0.0,21.34,7.24,0.0,0.0,0.0127,0.0,0.0,0.0,0.0,0.00254,0.0,0.0
3217,2024-10-22,0.0,22.4,8.78,0.0,0.0,0.0076199999999999,0.0,0.0,0.0,0.0,0.0,0.0,0.0
3218,2024-10-23,0.0,24.44,8.07,0.0,0.0,0.0,0.0,0.0,0.0,0.0,0.0,0.0,0.0
3219,2024-10-24,0.0,17.28,5.06,0.0,0.0,0.0,0.0,0.0,0.0,0.0,0.0,0.0,0.0
3220,2024-10-25,0.0,17.28,1.63,0.0,0.0,0.0,0.0,0.0,0.0,0.0,0.0,0.0,0.0
3221,2024-10-26,0.0,20.56,5.92,0.0,0.0,0.0,0.0,0.0,0.0,0.0,0.0,0.0,0.0
3222,2024-10-27,0.0,19.9,8.29,0.0,0.0,0.0,0.0,0.0,0.0,0.0,0.0,0.0,0.0
3223,2024-10-28,3.68,17.56,5.2,0.0,0.0,0.0,0.0,0.0,0.0,0.0,0.0,0.0,0.0
3224,2024-10-29,0.0,9.22,3.85,0.0,0.0,0.0,0.0,0.0,0.0,0.0,0.0,0.00254,0.0
3225,2024-10-30,0.0,10.18,0.95,0.01016,0.03302,0.0304799999999999,0.0177799999999999,0.00508,0.01016,0.00508,0.01016,0.00508,0.0076199999999999
3226,2024-10-31,0.0,10.88,2.23,0.01016,0.03302,0.0355599999999999,0.0127,0.00508,0.01016,0.00508,0.01016,0.0,0.0076199999999999
3227,2024-11-01,0.0,12.16,0.18,0.0127,0.03302,0.0380999999999999,0.0127,0.0076199999999999,0.01016,0.0076199999999999,0.01016,0.0,0.0076199999999999
3228,2024-11-02,5.46,12.34,1.52,0.0127,0.0304799999999999,0.0380999999999999,0.0127,0.0,0.01016,0.0076199999999999,0.01016,0.0,0.0076199999999999
3229,2024-11-03,0.0,7.54,0.33,0.0177799999999999,0.0304799999999999,0.0380999999999999,0.0127,0.0,0.01016,0.0076199999999999,0.01016,0.0,0.01016
3230,2024-11-04,0.0,8.55,-2.88,0.0177799999999999,0.0355599999999999,0.04572,0.0152399999999999,0.0076199999999999,0.0127,0.01016,0.0127,0.0,0.01016
3231,2024-11-05,0.0,6.53,0.11,0.0177799999999999,0.0380999999999999,0.04572,0.0152399999999999,0.0076199999999999,0.0127,0.01016,0.0127,0.0,0.01016
3232,2024-11-06,0.0,8.38,-2.23,0.02032,0.04064,0.0508,0.02032,0.00508,0.02032,0.0127,0.02032,0.0,0.0127
3233,2024-11-07,0.0,8.92,-2.7,0.02032,0.04064,0.0508,0.02032,0.00254,0.02032,0.0127,0.02032,0.0,0.0127
3234,2024-11-08,0.0,9.62,-2.47,0.02286,0.04064,0.0508,0.02032,0.00254,0.02032,0.0127,0.02032,0.0,0.0127
3235,2024-11-09,0.0,11.71,-1.0,0.0254,0.04064,0.05588,0.02032,0.0,0.02032,0.0152399999999999,0.02032,0.0,0.0127
3236,2024-11-10,0.0,15.18,-0.08,0.0254,0.04064,0.05588,0.02032,0.0,0.02032,0.0152399999999999,0.02032,0.0,0.0127
3237,2024-11-11,4.13,19.8,3.35,0.0254,0.0431799999999999,0.0609599999999999,0.02032,0.0,0.02032,0.0152399999999999,0.02032,0.0,0.0127
3238,2024-11-12,2.46,12.64,2.47,0.02794,0.0431799999999999,0.0609599999999999,0.02032,0.0,0.02032,0.0152399999999999,0.02032,0.0,0.0127
3239,2024-11-13,0.0,10.64,0.19,0.0304799999999999,0.0508,0.0736599999999999,0.02794,0.0,0.0304799999999999,0.02032,0.0254,0.0,0.0152399999999999
3240,2024-11-14,0.0,12.69,0.76,0.03302,0.0508,0.0761999999999999,0.02794,0.0,0.0304799999999999,0.02032,0.0254,0.0,0.0152399999999999
3241,2024-11-15,2.22,10.23,0.29,0.03302,0.0508,0.0761999999999999,0.02794,0.0,0.0304799999999999,0.02032,0.0254,0.0,0.0152399999999999
3242,2024-11-16,0.64,4.17,1.12,0.03302,0.05334,0.07874,0.03302,0.01016,0.04064,0.0254,0.0304799999999999,0.0,0.0152399999999999
3243,2024-11-17,0.0,7.46,-1.45,0.03302,0.0609599999999999,0.0863599999999999,0.04064,0.0127,0.04572,0.02794,0.0304799999999999,0.00508,0.0177799999999999
3244,2024-11-18,0.0,5.76,-0.47,0.03302,0.0609599999999999,0.0863599999999999,0.04064,0.0127,0.04572,0.02794,0.0304799999999999,0.00508,0.0177799999999999
3245,2024-11-19,0.0,4.76,-4.42,0.03302,0.0609599999999999,0.0863599999999999,0.04064,0.0152399999999999,0.04572,0.0355599999999999,0.0355599999999999,0.0076199999999999,0.02286
3246,2024-11-20,0.0,9.5,-5.22,0.03302,0.0609599999999999,0.0863599999999999,0.04064,0.0152399999999999,0.04572,0.0355599999999999,0.04064,0.0076199999999999,0.02794
3247,2024-11-21,0.0,14.02,1.61,0.03302,0.06604,0.0888999999999999,0.0431799999999999,0.0152399999999999,0.0508,0.0355599999999999,0.04064,0.0076199999999999,0.02794
3248,2024-11-22,0.0,14.33,3.17,0.03302,0.06604,0.0888999999999999,0.0431799999999999,0.0152399999999999,0.0508,0.0355599999999999,0.04064,0.0076199999999999,0.02794
3249,2024-11-23,4.3,15.62,4.17,0.03302,0.06604,0.0888999999999999,0.0431799999999999,0.0152399999999999,0.0508,0.0355599999999999,0.04064,0.01016,0.0304799999999999
3250,2024-11-24,3.12,7.99,0.53,0.03302,0.06604,0.0888999999999999,0.0431799999999999,0.02032,0.0508,0.0355599999999999,0.04064,0.01016,0.0304799999999999
3251,2024-11-25,2.59,6.68,-2.9,0.03302,0.06858,0.09144,0.04572,0.03302,0.0584199999999999,0.04064,0.04826,0.0152399999999999,0.0355599999999999
3252,2024-11-26,15.44,6.9,-0.75,0.0380999999999999,0.07874,0.1016,0.04572,0.03302,0.0584199999999999,0.04064,0.0508,0.0152399999999999,0.0380999999999999
3253,2024-11-27,0.0,6.8,-1.89,0.04572,0.09144,0.1143,0.05588,0.05588,0.0711199999999999,0.05588,0.06858,0.03302,0.04572
3254,2024-11-28,0.0,5.88,-4.34,0.04572,0.09144,0.1143,0.05588,0.05588,0.0711199999999999,0.05588,0.06858,0.03302,0.04572
3255,2024-11-29,0.0,5.44,-6.31,0.04572,0.09144,0.1143,0.05588,0.05588,0.0711199999999999,0.05588,0.06858,0.03302,0.04572
3256,2024-11-30,0.0,6.31,-5.62,0.04572,0.09144,0.1143,0.05588,0.05588,0.0711199999999999,0.05588,0.06858,0.03302,0.04572
3257,2024-12-01,0.0,7.71,-3.4,0.04826,0.09144,0.1143,0.05588,0.05588,0.0711199999999999,0.05588,0.06858,0.03302,0.04572
3258,2024-12-02,0.0,8.65,-1.64,0.04826,0.09144,0.1143,0.05588,0.05588,0.0711199999999999,0.05588,0.06858,0.03302,0.04572
3259,2024-12-03,0.0,8.44,-1.56,0.04826,0.09144,0.1143,0.0584199999999999,0.05588,0.0711199999999999,0.05588,0.06858,0.03302,0.04572
3260,2024-12-04,0.0,7.95,-1.77,0.04826,0.09144,0.1143,0.0584199999999999,0.05588,0.0711199999999999,0.05588,0.06858,0.03302,0.04572
3261,2024-12-05,0.0,7.75,-2.13,0.04826,0.09144,0.1143,0.0584199999999999,0.05588,0.0711199999999999,0.05588,0.06858,0.03302,0.04572
3262,2024-12-06,0.0,6.75,-2.92,0.04826,0.09144,0.1143,0.0584199999999999,0.05588,0.0711199999999999,0.05588,0.06858,0.03302,0.04572
3263,2024-12-07,0.0,5.83,-4.23,0.04826,0.09144,0.1143,0.0584199999999999,0.05588,0.0711199999999999,0.05588,0.06858,0.03302,0.04572
3264,2024-12-08,0.0,6.83,-2.69,0.04826,0.09144,0.1143,0.0584199999999999,0.05588,0.0711199999999999,0.05588,0.06858,0.03302,0.04572
3265,2024-12-09,0.0,4.31,-4.24,0.04826,0.09144,0.1143,0.0584199999999999,0.05588,0.0711199999999999,0.05588,0.06858,0.03302,0.04572
3266,2024-12-10,0.0,4.36,-5.51,0.04826,0.09144,0.1143,0.0584199999999999,0.05588,0.0711199999999999,0.05588,0.06858,0.03302,0.04572
3267,2024-12-11,0.0,4.03,-5.44,0.04826,0.09144,0.1143,0.0584199999999999,0.05588,0.0711199999999999,0.05588,0.06858,0.03302,0.04572
3268,2024-12-12,5.21,8.57,-3.31,0.04826,0.09652,0.1168399999999999,0.0609599999999999,0.05588,0.0736599999999999,0.05588,0.06858,0.03302,0.04572
3269,2024-12-13,4.38,5.82,-1.08,0.04826,0.09652,0.1168399999999999,0.0609599999999999,0.05588,0.0736599999999999,0.05588,0.06858,0.03302,0.04572
3270,2024-12-14,0.0,10.04,-0.12,0.0508,0.09652,0.1168399999999999,0.0635,0.0584199999999999,0.07874,0.0584199999999999,0.0736599999999999,0.0355599999999999,0.04826
3271,2024-12-15,0.0,7.17,-0.76,0.05588,0.1016,0.11938,0.0635,0.0635,0.0838199999999999,0.0635,0.0761999999999999,0.0355599999999999,0.0508
3272,2024-12-16,0.0,6.15,-2.98,0.05588,0.1016,0.1219199999999999,0.0635,0.0736599999999999,0.0863599999999999,0.06604,0.09144,0.04064,0.0508
3273,2024-12-17,0.0,10.12,-0.41,0.0635,0.10668,0.12446,0.06858,0.08128,0.0863599999999999,0.0711199999999999,0.09144,0.04064,0.0508
3274,2024-12-18,0.0,10.05,-0.94,0.0635,0.11176,0.12954,0.06858,0.0838199999999999,0.0863599999999999,0.0736599999999999,0.09144,0.0431799999999999,0.0508
3275,2024-12-19,0.0,9.88,-0.45,0.0635,0.1143,0.13208,0.06858,0.0838199999999999,0.0863599999999999,0.0736599999999999,0.09906,0.0431799999999999,0.0508
3276,2024-12-20,0.0,9.64,0.3,0.0635,0.1143,0.13208,0.06858,0.0838199999999999,0.0863599999999999,0.0736599999999999,0.09906,0.0431799999999999,0.0508
3277,2024-12-21,0.0,9.75,0.57,0.0635,0.1143,0.13208,0.06858,0.0838199999999999,0.0863599999999999,0.0736599999999999,0.09906,0.0431799999999999,0.0508
3278,2024-12-22,0.83,7.61,0.48,0.0635,0.1143,0.13208,0.06858,0.0838199999999999,0.0863599999999999,0.0736599999999999,0.09906,0.0431799999999999,0.0508
3279,2024-12-23,4.31,7.69,1.97,0.0635,0.1143,0.13208,0.06858,0.0863599999999999,0.0863599999999999,0.0736599999999999,0.09906,0.0431799999999999,0.0508
3280,2024-12-24,9.09,7.21,-0.27,0.0635,0.1143,0.13208,0.06858,0.0888999999999999,0.0863599999999999,0.0736599999999999,0.09906,0.0431799999999999,0.05334
3281,2024-12-25,4.0,4.58,-0.37,0.06604,0.1143,0.13208,0.0711199999999999,0.09144,0.0863599999999999,0.0736599999999999,0.09906,0.0431799999999999,0.05334
3282,2024-12-26,5.1,4.81,-1.19,0.0711199999999999,0.1219199999999999,0.13716,0.07874,0.09398,0.0888999999999999,0.0761999999999999,0.10668,0.04826,0.05588
3283,2024-12-27,9.17,6.27,1.27,0.07874,0.12954,0.1422399999999999,0.0863599999999999,0.1143,0.09906,0.09144,0.1143,0.0584199999999999,0.06604
3284,2024-12-28,8.72,8.38,1.87,0.0863599999999999,0.14478,0.1523999999999999,0.09906,0.13462,0.1143,0.11938,0.13208,0.0711199999999999,0.0761999999999999
3285,2024-12-29,2.26,7.99,0.93,0.1016,0.15748,0.15748,0.10922,0.16256,0.13208,0.13462,0.15748,0.07874,0.09144
3286,2024-12-30,0.0,4.85,-1.7,0.10922,0.1727199999999999,0.1727199999999999,0.1219199999999999,0.18542,0.1473199999999999,0.1473199999999999,0.1651,0.0863599999999999,0.1041399999999999
3287,2024-12-31,,,,0.10922,0.1803399999999999,0.18542,0.1219199999999999,0.18796,0.1523999999999999,0.1473199999999999,0.1777999999999999,0.0863599999999999,0.1041399999999999
3288,2025-01-01,,,,0.10922,0.1803399999999999,0.18542,0.1219199999999999,0.18796,0.1523999999999999,0.1473199999999999,0.1777999999999999,0.0863599999999999,0.1041399999999999
3289,2025-01-02,,,,0.12446,0.18796,0.1905,0.127,0.2057399999999999,0.15748,0.15748,0.1777999999999999,0.09398,0.11176
3290,2025-01-03,,,,0.1397,0.19558,0.19812,0.13716,0.2082799999999999,0.17018,0.1651,0.2057399999999999,0.09906,0.1168399999999999
3291,2025-01-04,,,,0.1397,0.19812,0.20066,0.1397,0.2082799999999999,0.17018,0.1651,0.2057399999999999,0.09906,0.1168399999999999
3292,2025-01-05,,,,0.15494,0.2057399999999999,0.2057399999999999,0.14478,0.2209799999999999,0.18796,0.17018,0.22352,0.1016,0.1219199999999999
3293,2025-01-06,,,,0.15748,0.2057399999999999,0.2082799999999999,0.14478,0.2209799999999999,0.18796,0.17018,0.22352,0.1016,0.1219199999999999
3294,2025-01-07,,,,0.15748,0.2082799999999999,0.21082,0.14478,0.2209799999999999,0.1905,0.1727199999999999,0.2286,0.1041399999999999,0.1219199999999999
3295,2025-01-08,,,,0.15748,0.2082799999999999,0.21082,0.14478,0.2209799999999999,0.1905,0.1727199999999999,0.2286,0.1041399999999999,0.1219199999999999
3296,2025-01-09,,,,0.15748,0.2082799999999999,0.2082799999999999,0.14478,0.2209799999999999,0.1905,0.1727199999999999,0.2286,0.1041399999999999,0.1219199999999999
3297,2025-01-10,,,,0.15748,0.2082799999999999,0.2057399999999999,0.14478,0.2209799999999999,0.1905,0.1727199999999999,0.2286,0.1041399999999999,0.1219199999999999
3298,2025-01-11,,,,0.1651,0.21082,0.2082799999999999,0.14478,0.2209799999999999,0.1905,0.17526,0.2311399999999999,0.1041399999999999,0.1219199999999999
3299,2025-01-12,,,,0.17018,0.21336,0.2082799999999999,0.14986,0.2286,0.19558,0.1777999999999999,0.2413,0.1041399999999999,0.12446
3300,2025-01-13,,,,0.17018,0.21336,0.2082799999999999,0.14986,0.2286,0.19558,0.1777999999999999,0.2413,0.1041399999999999,0.12446
3301,2025-01-14,,,,0.17526,0.2158999999999999,0.21082,0.14986,0.2286,0.19558,0.1777999999999999,0.2413,0.1041399999999999,0.12446
3302,2025-01-15,,,,0.17526,0.2158999999999999,0.21082,0.14986,0.2286,0.19558,0.1777999999999999,0.2413,0.1041399999999999,0.12446
3303,2025-01-16,,,,0.1777999999999999,0.21844,0.21336,0.14986,0.2286,0.19558,0.1777999999999999,0.2413,0.1041399999999999,0.12446
3304,2025-01-17,,,,0.1777999999999999,0.21844,0.21336,0.14986,0.2286,0.19558,0.1777999999999999,0.2413,0.1041399999999999,0.12446
3305,2025-01-18,,,,0.1803399999999999,0.21844,0.2158999999999999,0.1523999999999999,0.2286,0.19558,0.1777999999999999,0.2413,0.1041399999999999,0.12446
3306,2025-01-19,,,,0.1803399999999999,0.22606,0.21844,0.1523999999999999,0.2286,0.19812,0.1803399999999999,0.2463799999999999,0.1041399999999999,0.12446
3307,2025-01-20,,,,0.18288,0.22606,0.21844,0.1523999999999999,0.2286,0.19812,0.1803399999999999,0.2463799999999999,0.1041399999999999,0.12446
3308,2025-01-21,,,,0.18288,0.22606,0.21844,0.1523999999999999,0.2286,0.19812,0.1803399999999999,0.2463799999999999,0.1041399999999999,0.12446
3309,2025-01-22,,,,0.18288,0.22606,0.21844,0.15494,0.2286,0.19812,0.1803399999999999,0.2463799999999999,0.1041399999999999,0.12446
3310,2025-01-23,,,,0.18288,0.22606,0.21844,0.15494,0.2286,0.19812,0.1803399999999999,0.2463799999999999,0.1041399999999999,0.12446
3311,2025-01-24,,,,0.18288,0.22606,0.21844,0.15494,0.2286,0.19812,0.1803399999999999,0.2463799999999999,0.1041399999999999,0.12446
3312,2025-01-25,,,,0.18796,0.22606,0.21844,0.15748,0.2311399999999999,0.19812,0.18542,0.2463799999999999,0.1041399999999999,0.12446
3313,2025-01-26,,,,0.1905,0.22606,0.21844,0.16002,0.2311399999999999,0.20066,0.19304,0.2463799999999999,0.10668,0.127
3314,2025-01-27,,,,0.1905,0.22606,0.21844,0.16002,0.2311399999999999,0.20066,0.19304,0.24892,0.10668,0.127
3315,2025-01-28,,,,0.1905,0.2286,0.2209799999999999,0.16002,0.2311399999999999,0.20066,0.19304,0.24892,0.10668,0.127
3316,2025-01-29,,,,0.1905,0.2286,0.2209799999999999,0.16002,0.2311399999999999,0.20066,0.19304,0.24892,0.10668,0.127
3317,2025-01-30,,,,0.1905,0.2286,0.2209799999999999,0.16002,0.2311399999999999,0.20066,0.19304,0.24892,0.10668,0.127
3318,2025-01-31,,,,0.1905,0.2286,0.2209799999999999,0.16002,0.2311399999999999,0.20066,0.19304,0.24892,0.10668,0.127
3319,2025-02-01,,,,0.19304,0.2311399999999999,0.22352,0.16002,0.2413,0.20066,0.19812,0.24892,0.10668,0.12954
3320,2025-02-02,,,,0.2082799999999999,0.2438399999999999,0.22606,0.1651,0.27686,0.2082799999999999,0.21336,0.2819399999999999,0.1168399999999999,0.14478
3321,2025-02-03,,,,0.2082799999999999,0.2463799999999999,0.22606,0.1651,0.2819399999999999,0.2082799999999999,0.21336,0.26162,0.1168399999999999,0.1473199999999999
3322,2025-02-04,,,,0.2082799999999999,0.2463799999999999,0.22606,0.16002,0.2819399999999999,0.2082799999999999,0.21336,0.2413,0.1168399999999999,0.1473199999999999
3323,2025-02-05,,,,0.2082799999999999,0.2463799999999999,0.2286,0.1523999999999999,0.2819399999999999,0.2082799999999999,0.21336,0.21336,0.1168399999999999,0.1473199999999999
3324,2025-02-06,,,,0.2082799999999999,0.25654,0.23876,0.15494,0.2946399999999999,0.2158999999999999,0.22352,0.21336,0.1168399999999999,0.15748
3325,2025-02-07,,,,0.2082799999999999,0.25908,0.23876,0.15748,0.2946399999999999,0.2158999999999999,0.22352,0.21336,0.1168399999999999,0.15748
3326,2025-02-08,,,,0.22606,0.2920999999999999,0.2667,0.17018,0.3175,0.23622,0.26924,0.2336799999999999,0.1219199999999999,0.1676399999999999
3327,2025-02-09,,,,0.22606,0.2920999999999999,0.2667,0.1727199999999999,0.32004,0.23876,0.2717799999999999,0.2336799999999999,0.1219199999999999,0.17018
3328,2025-02-10,,,,0.22606,0.2920999999999999,0.2667,0.1727199999999999,0.32004,0.23876,0.2717799999999999,0.23622,0.1219199999999999,0.17018
3329,2025-02-11,,,,0.22606,0.2971799999999999,0.26924,0.1727199999999999,0.32004,0.23876,0.2717799999999999,0.23622,0.1219199999999999,0.17018
3330,2025-02-12,,,,0.22606,0.2971799999999999,0.26924,0.1803399999999999,0.32258,0.2413,0.2717799999999999,0.2438399999999999,0.12446,0.1727199999999999
3331,2025-02-13,,,,0.22606,0.2971799999999999,0.26924,0.1803399999999999,0.32258,0.2413,0.2717799999999999,0.25146,0.12446,0.1727199999999999
3332,2025-02-14,,,,0.25654,0.32004,0.2844799999999999,0.18542,0.3454399999999999,0.25654,0.2920999999999999,0.27432,0.13462,0.1905
3333,2025-02-15,,,,0.27432,0.3454399999999999,0.29972,0.18796,0.37084,0.27686,0.31242,0.31242,0.1422399999999999,0.2057399999999999
3334,2025-02-16,,,,0.27432,0.35052,0.30226,0.19304,0.381,0.2794,0.31242,0.3302,0.1523999999999999,0.21336
3335,2025-02-17,,,,0.2819399999999999,0.3606799999999999,0.30988,0.2032,0.39624,0.28956,0.32512,0.3454399999999999,0.16002,0.22606
3336,2025-02-18,,,,0.2946399999999999,0.37592,0.32258,0.2158999999999999,0.40386,0.2971799999999999,0.33274,0.3555999999999999,0.1676399999999999,0.2336799999999999
3337,2025-02-19,,,,0.2946399999999999,0.37846,0.32512,0.2209799999999999,0.41402,0.29972,0.3352799999999999,0.3581399999999999,0.1676399999999999,0.23622
3338,2025-02-20,,,,0.2971799999999999,0.381,0.32766,0.2209799999999999,0.4165599999999999,0.30226,0.33782,0.3581399999999999,0.1676399999999999,0.23876
3339,2025-02-21,,,,0.3047999999999999,0.38862,0.3352799999999999,0.2209799999999999,0.4241799999999999,0.32004,0.3454399999999999,0.3682999999999999,0.1727199999999999,0.2413
3340,2025-02-22,,,,0.3047999999999999,0.38862,0.3352799999999999,0.2209799999999999,0.4241799999999999,0.32004,0.3454399999999999,0.3682999999999999,0.1727199999999999,0.2413
3341,2025-02-23,,,,0.3047999999999999,0.38862,0.3352799999999999,0.2209799999999999,0.4241799999999999,0.32004,0.3454399999999999,0.3682999999999999,0.1727199999999999,0.2413
3342,2025-02-24,,,,0.3047999999999999,0.38862,0.3352799999999999,0.2209799999999999,0.4292599999999999,0.32004,0.35052,0.3682999999999999,0.1727199999999999,0.2413
3343,2025-02-25,,,,0.3047999999999999,0.38862,0.3352799999999999,0.2209799999999999,0.4292599999999999,0.32004,0.35052,0.3682999999999999,0.1727199999999999,0.2413
3344,2025-02-26,,,,0.3047999999999999,0.38862,0.3352799999999999,0.2209799999999999,0.4292599999999999,0.32004,0.35052,0.3682999999999999,0.1727199999999999,0.2413
3345,2025-02-27,,,,0.3047999999999999,0.38862,0.3352799999999999,0.2209799999999999,0.4292599999999999,0.32004,0.35052,0.3682999999999999,0.1727199999999999,0.2413
3346,2025-02-28,,,,0.3047999999999999,0.38862,0.3352799999999999,0.2209799999999999,0.4292599999999999,0.3175,0.35052,0.3682999999999999,0.1727199999999999,0.2413
3347,2025-03-01,,,,0.3047999999999999,0.38862,0.3352799999999999,0.2209799999999999,0.4292599999999999,0.3175,0.35052,0.3682999999999999,0.16256,0.2413
3348,2025-03-02,,,,0.3047999999999999,0.38862,0.3352799999999999,0.2209799999999999,0.4292599999999999,0.3175,0.35052,0.3682999999999999,0.15748,0.23876
3349,2025-03-03,,,,0.3047999999999999,0.38862,0.3352799999999999,0.2209799999999999,0.42164,0.3175,0.35052,0.3682999999999999,0.15494,0.23876
3350,2025-03-04,,,,0.30734,0.39624,0.34036,0.2286,0.42164,0.32004,0.3581399999999999,0.37084,0.1523999999999999,0.23876
3351,2025-03-05,,,,0.30988,0.4064,0.3454399999999999,0.2311399999999999,0.42164,0.32258,0.3606799999999999,0.37084,0.1473199999999999,0.23876
3352,2025-03-06,,,,0.31496,0.4114799999999999,0.35052,0.2336799999999999,0.43434,0.32512,0.38354,0.38608,0.15494,0.254
3353,2025-03-07,,,,0.32766,0.4241799999999999,0.3581399999999999,0.2413,0.44704,0.3429,0.4064,0.4241799999999999,0.17018,0.26924
3354,2025-03-08,,,,0.32766,0.42672,0.3606799999999999,0.2438399999999999,0.44958,0.35052,0.40894,0.4241799999999999,0.17526,0.27432
3355,2025-03-09,,,,0.32766,0.42672,0.3606799999999999,0.2438399999999999,0.44958,0.35052,0.40894,0.4241799999999999,0.17526,0.27432
3356,2025-03-10,,,,0.32766,0.42672,0.3606799999999999,0.2438399999999999,0.44958,0.35052,0.40894,0.4191,0.17526,0.27432
3357,2025-03-11,,,,0.32766,0.42672,0.3606799999999999,0.2438399999999999,0.44958,0.35052,0.40894,0.4191,0.1651,0.27432
3358,2025-03-12,,,,0.32766,0.42672,0.3606799999999999,0.2438399999999999,0.44958,0.3479799999999999,0.40894,0.4165599999999999,0.15494,0.27432
3359,2025-03-13,,,,0.3302,0.42672,0.3606799999999999,0.2463799999999999,0.44958,0.34036,0.40894,0.41402,0.13716,0.27432
3360,2025-03-14,,,,0.3352799999999999,0.43688,0.37592,0.25908,0.4572,0.36576,0.43688,0.43688,0.13716,0.2844799999999999
3361,2025-03-15,,,,0.34036,0.4419599999999999,0.381,0.25908,0.45974,0.37338,0.4445,0.44704,0.13716,0.28702
3362,2025-03-16,,,,0.3454399999999999,0.44704,0.38354,0.26416,0.4673599999999999,0.38354,0.4546599999999999,0.4622799999999999,0.1473199999999999,0.2920999999999999
3363,2025-03-17,,,,0.3479799999999999,0.44958,0.38354,0.26416,0.4699,0.38354,0.4546599999999999,0.4622799999999999,0.1473199999999999,0.2920999999999999
3364,2025-03-18,,,,0.35052,0.44958,0.38862,0.26416,0.47244,0.3937,0.46482,0.46482,0.12446,0.2946399999999999
3365,2025-03-19,,,,0.36322,0.4699,0.40894,0.2794,0.4749799999999999,0.4114799999999999,0.4800599999999999,0.4800599999999999,0.127,0.2971799999999999
3366,2025-03-20,,,,0.36322,0.4699,0.40894,0.2794,0.4749799999999999,0.4114799999999999,0.4826,0.4800599999999999,0.127,0.2971799999999999
3367,2025-03-21,,,,0.36322,0.4699,0.40894,0.2794,0.4749799999999999,0.4114799999999999,0.4826,0.4800599999999999,0.127,0.2971799999999999
3368,2025-03-22,,,,0.3682999999999999,0.47752,0.4114799999999999,0.2844799999999999,0.4749799999999999,0.41402,0.4876799999999999,0.4826,0.10922,0.29972
3369,2025-03-23,,,,0.37084,0.4800599999999999,0.4165599999999999,0.28956,0.49022,0.42164,0.4927599999999999,0.4876799999999999,0.1016,0.30226
3370,2025-03-24,,,,0.35052,0.4800599999999999,0.4165599999999999,0.28956,0.49022,0.4165599999999999,0.4927599999999999,0.4876799999999999,0.0863599999999999,0.2946399999999999
3371,2025-03-25,,,,0.3352799999999999,0.4749799999999999,0.4114799999999999,0.28702,0.49022,0.4064,0.4927599999999999,0.47752,0.0635,0.2920999999999999
3372,2025-03-26,,,,0.32004,0.4699,0.40894,0.2794,0.4800599999999999,0.39624,0.4927599999999999,0.46482,0.03302,0.28702
3373,2025-03-27,,,,0.3047999999999999,0.46482,0.40386,0.25908,0.4546599999999999,0.37846,0.49022,0.44958,0.0127,0.27686
3374,2025-03-28,,,,0.29972,0.45974,0.3987799999999999,0.2463799999999999,0.43688,0.3606799999999999,0.4876799999999999,0.4241799999999999,0.0,0.26162
3375,2025-03-29,,,,0.29972,0.4622799999999999,0.3987799999999999,0.23876,0.43434,0.3555999999999999,0.4876799999999999,0.41402,0.0,0.25908
3376,2025-03-30,,,,0.30226,0.4699,0.40132,0.2413,0.43688,0.35306,0.49022,0.4165599999999999,0.0,0.25654
3377,2025-03-31,,,,0.3047999999999999,0.4699,0.40132,0.2438399999999999,0.43942,0.35052,0.49022,0.4165599999999999,0.0,0.25654
3378,2025-04-01,,,,0.31496,0.4952999999999999,0.42164,0.25654,0.45212,0.3606799999999999,0.50292,0.42672,0.0,0.2667
3379,2025-04-02,,,,0.32258,0.5054599999999999,0.4317999999999999,0.26416,0.4622799999999999,0.37846,0.51562,0.4445,0.00508,0.27432
3380,2025-04-03,,,,0.32258,0.508,0.43688,0.26416,0.4673599999999999,0.37846,0.51816,0.44704,0.0,0.27432
3381,2025-04-04,,,,0.32258,0.51054,0.4419599999999999,0.26416,0.4673599999999999,0.38608,0.52324,0.4546599999999999,0.0,0.2794
3382,2025-04-05,,,,0.32512,0.51054,0.4419599999999999,0.26416,0.4673599999999999,0.38608,0.52832,0.4572,0.0,0.2794
3383,2025-04-06,,,,0.3175,0.51054,0.4419599999999999,0.26416,0.4673599999999999,0.38608,0.52832,0.4546599999999999,0.0,0.2794
3384,2025-04-07,,,,0.30226,0.51054,0.4419599999999999,0.25908,0.4673599999999999,0.38354,0.52832,0.45212,0.0,0.2794
3385,2025-04-08,,,,0.2920999999999999,0.51054,0.43688,0.254,0.44704,0.37084,0.5257799999999999,0.43688,0.0,0.2717799999999999
3386,2025-04-09,,,,0.2794,0.5054599999999999,0.43688,0.23622,0.43434,0.3606799999999999,0.52324,0.4165599999999999,0.0,0.26416
3387,2025-04-10,,,,0.2667,0.49784,0.42672,0.22606,0.4165599999999999,0.3429,0.5206999999999999,0.3987799999999999,0.0,0.2463799999999999
3388,2025-04-11,,,,0.25146,0.4927599999999999,0.4114799999999999,0.2032,0.3937,0.31496,0.51054,0.37592,0.0,0.2286
3389,2025-04-12,,,,0.23622,0.47752,0.39116,0.17526,0.3682999999999999,0.27686,0.4927599999999999,0.34036,0.0,0.2057399999999999
3390,2025-04-13,,,,0.22352,0.4622799999999999,0.37084,0.1473199999999999,0.3454399999999999,0.25146,0.47752,0.31242,0.0,0.18542
3391,2025-04-14,,,,0.2158999999999999,0.44958,0.37084,0.13716,0.34036,0.2438399999999999,0.4673599999999999,0.29972,0.0,0.18288
3392,2025-04-15,,,,0.20066,0.44958,0.37084,0.12446,0.32766,0.22606,0.46482,0.2844799999999999,0.0,0.1777999999999999
3393,2025-04-16,,,,0.18796,0.43942,0.35306,0.11176,0.30734,0.20066,0.45212,0.25654,0.0,0.16002
3394,2025-04-17,,,,0.1777999999999999,0.4317999999999999,0.3429,0.11176,0.28956,0.1777999999999999,0.43942,0.2286,0.0,0.14478
3395,2025-04-18,,,,0.1905,0.44958,0.36322,0.13208,0.31496,0.1905,0.45212,0.23876,0.0,0.14986
3396,2025-04-19,,,,0.1777999999999999,0.44958,0.36322,0.12954,0.31496,0.19558,0.45974,0.2463799999999999,0.0,0.15494
3397,2025-04-20,,,,0.17018,0.44958,0.36576,0.12446,0.31496,0.18288,0.45974,0.2336799999999999,0.0,0.1473199999999999
3398,2025-04-21,,,,0.1651,0.45212,0.3606799999999999,0.11176,0.30226,0.16002,0.45974,0.20066,0.0,0.12954
3399,2025-04-22,,,,0.1523999999999999,0.45212,0.3555999999999999,0.09906,0.29972,0.13208,0.45212,0.1651,0.0,0.1168399999999999
3400,2025-04-23,,,,0.13716,0.44704,0.34036,0.0838199999999999,0.27432,0.10668,0.43688,0.11938,0.0,0.09652
3401,2025-04-24,,,,0.13462,0.43688,0.31496,0.0635,0.254,0.0863599999999999,0.42164,0.09906,0.0,0.07874
3402,2025-04-25,,,,0.1168399999999999,0.43688,0.30988,0.04826,0.23876,0.06604,0.41402,0.0761999999999999,0.0,0.0609599999999999
3403,2025-04-26,,,,0.1016,0.42672,0.2946399999999999,0.0304799999999999,0.2158999999999999,0.03302,0.3987799999999999,0.0635,0.0,0.04064
3404,2025-04-27,,,,0.0761999999999999,0.40894,0.27432,0.0152399999999999,0.18542,0.0,0.381,0.0431799999999999,0.0,0.0127
3405,2025-04-28,,,,0.0508,0.40894,0.27432,0.0,0.1803399999999999,0.0,0.37592,0.0355599999999999,0.0,0.0
3406,2025-04-29,,,,0.0254,0.4064,0.26162,0.0,0.1651,0.0,0.37592,0.02794,0.0,0.0
3407,2025-04-30,,,,0.0,0.38354,0.2463799999999999,0.0,0.13462,0.0,0.3555999999999999,0.0177799999999999,0.0,0.0
3408,2025-05-01,,,,0.0,0.38354,0.23876,0.0,0.13716,0.0,0.3555999999999999,0.01016,0.0,0.0
3409,2025-05-02,,,,0.0,0.37084,0.22352,0.0,0.10668,0.0,0.34036,0.0,0.0,0.0
3410,2025-05-03,,,,0.0,0.3479799999999999,0.19558,0.0,0.0761999999999999,0.0,0.31496,0.0,0.0,0.0
3411,2025-05-04,,,,0.0,0.32512,0.1651,0.0,0.0355599999999999,0.0,0.2971799999999999,0.0,0.0,0.0
3412,2025-05-05,,,,0.0,0.30226,0.1397,0.0,0.0127,0.0,0.28956,0.0,0.0,0.0
3413,2025-05-06,,,,0.0,0.3047999999999999,0.13716,0.0,0.0127,0.0,0.30226,0.0,0.0,0.0
3414,2025-05-07,,,,0.0,0.29972,0.12446,0.0,0.00508,0.0,0.30226,0.0,0.0,0.0
3415,2025-05-08,,,,0.0,0.26924,0.1016,0.0,0.0,0.0,0.2794,0.0,0.0,0.0
3416,2025-05-09,,,,0.0,0.2438399999999999,0.06604,0.0,0.0,0.0,0.25654,0.0,0.0,0.0
3417,2025-05-10,,,,0.0,0.21082,0.02032,0.0,0.0,0.0,0.22606,0.0,0.0,0.0
3418,2025-05-11,,,,0.0,0.1727199999999999,0.0,0.0,0.0,0.0,0.1905,0.0,0.0,0.0
3419,2025-05-12,,,,0.0,0.13716,0.0,0.0,0.0,0.0,0.15748,0.0,0.0,0.0
3420,2025-05-13,,,,0.0,0.09398,0.0,0.0,0.0,0.0,0.11938,0.0,0.0,0.0
3421,2025-05-14,,,,0.0,0.0863599999999999,0.0,0.0,0.0,0.0,0.10922,0.0,0.0,0.0
3422,2025-05-15,,,,0.0,0.09398,0.0,0.0,0.0,0.0,0.11176,0.0152399999999999,0.0,0.0
3423,2025-05-16,,,,0.0,0.09906,0.0,0.0,0.0,0.0,0.1016,0.0,0.0,0.0
3424,2025-05-17,,,,0.0,0.09398,0.0,0.0,0.0,0.0,0.09398,0.0,0.0,0.0
3425,2025-05-18,,,,0.0,0.07874,0.0,0.0,0.0,0.0,0.07874,0.0,0.0,0.0
3426,2025-05-19,,,,0.0,0.0888999999999999,0.0,0.0,0.0,0.0,0.08128,0.0,0.0,0.0
3427,2025-05-20,,,,0.0,0.0838199999999999,0.0,0.0,0.0,0.0,0.0736599999999999,0.0,0.0,0.0
3428,2025-05-21,,,,0.0,0.0736599999999999,0.0,0.0,0.0,0.0,0.05588,0.0,0.0,0.0
3429,2025-05-22,,,,0.0,0.0431799999999999,0.0,0.0,0.0,0.0,0.0254,0.0,0.0,0.0
3430,2025-05-23,,,,0.0,0.0152399999999999,0.0,0.0,0.0,0.0,0.02032,0.0,0.0,0.0
3431,2025-05-24,,,,0.0,0.0,0.0,0.0,0.0,0.0,0.0,0.0,0.0,0.0
3432,2025-05-25,,,,0.0,0.0,0.0,0.0,0.0,0.0,0.0,0.0,0.0,0.0
3433,2025-05-26,,,,0.0,0.0,0.0,0.0,0.0,0.0,0.0,0.0,0.0,0.0
3434,2025-05-27,,,,0.0,0.0,0.0,0.0,0.0,0.0,0.0,0.0,0.0,0.0
3435,2025-05-28,,,,0.0,0.0,0.0,0.0,0.0,0.0,0.0,0.0,0.0,0.0
3436,2025-05-29,,,,0.0,0.0,0.0,0.0,0.0,0.0,0.0,0.0,0.0,0.0
3437,2025-05-30,,,,0.0,0.0,0.0,0.0,0.0,0.0,0.0,0.0,0.0,0.0
3438,2025-05-31,,,,0.0,0.0,0.0,0.0,0.0,0.0,0.0,0.0,0.0,0.0
3439,2025-06-01,,,,0.0,0.0,0.0,0.0,0.0,0.0,0.0,0.0,0.0,0.0
3440,2025-06-02,,,,0.0,0.0,0.0,0.0,0.0,0.0,0.0,0.0,0.0,0.0
3441,2025-06-03,,,,0.0,0.0,0.0,0.0,0.0,0.0,0.0,0.0,0.0,0.0
3442,2025-06-04,,,,0.0,0.0,0.0,0.0,0.0,0.0,0.0,0.0,0.0,0.0
3443,2025-06-05,,,,0.0,0.0,0.0,0.0,0.0,0.0,0.0,0.0,0.0,0.0
3444,2025-06-06,,,,0.0,0.0,0.0,0.0,0.0,0.0,0.0,0.0,0.0,0.0
3445,2025-06-07,,,,0.0,0.0,0.0,0.0,0.0,0.0,0.0,0.0,0.0,0.0
3446,2025-06-08,,,,0.0,0.0,0.0,0.0,0.0,0.0,0.0,0.0,0.0,0.0
3447,2025-06-09,,,,0.0,0.0,0.0,0.0,0.0,0.0,0.0,0.0,0.0,0.0
3448,2025-06-10,,,,0.0,0.0,0.0,0.0,0.0,0.0,0.0,0.0,0.0,0.0
3449,2025-06-11,,,,0.0,0.0,0.0,0.0,0.0,0.0,0.0,0.0,0.0,0.0
3450,2025-06-12,,,,0.0,0.0,0.0,0.0,0.0,0.0,0.0,0.0,0.0,0.0
3451,2025-06-13,,,,0.0,0.0,0.0,0.0,0.0,0.0,0.0,0.0,0.0,0.0
3452,2025-06-14,,,,0.0,0.0,0.0,0.0,0.0,0.0,0.0,0.0,0.0,0.0
3453,2025-06-15,,,,0.0,0.0,0.0,0.0,0.0,0.0,0.0,0.0,0.0,0.0
3454,2025-06-16,,,,0.0,0.0,0.0,0.0,0.0,0.0,0.0,0.0,0.0,0.0
3455,2025-06-17,,,,0.0,0.0,0.0,0.0,0.0,0.0,0.0,0.0,0.0,0.0
3456,2025-06-18,,,,0.0,0.0,0.0,0.0,0.0,0.0,0.0,0.0,0.0,0.0
3457,2025-06-19,,,,0.0,0.0,0.0,0.0,0.0,0.0,0.0,0.0,0.0,0.0
3458,2025-06-20,,,,0.0,0.0,0.0,0.0,0.0,0.0,0.0,0.0,0.0,0.0
3459,2025-06-21,,,,0.0,0.0,0.0,0.0,0.0,0.0,0.0,0.0,0.0,0.0
3460,2025-06-22,,,,0.0,0.0,0.0,0.0,0.0,0.0,0.0,0.0,0.0,0.0
3461,2025-06-23,,,,0.0,0.0,0.0,0.0,0.0,0.0,0.0,0.0,0.0,0.0
3462,2025-06-24,,,,0.0,0.0,0.0,0.0,0.0,0.0,0.0,0.0,0.0,0.0
3463,2025-06-25,,,,0.0,0.0,0.0,0.0,0.0,0.0,0.0,0.0,0.0,0.0
3464,2025-06-26,,,,0.0,0.0,0.0,0.0,0.0,0.0,0.0,0.0,0.0,0.0
3465,2025-06-27,,,,0.0,0.0,0.0,0.0,0.0,0.0,0.0,0.0,0.0,0.0
3466,2025-06-28,,,,0.0,0.0,0.0,0.0,0.0,0.0,0.0,0.0,0.0,0.0
3467,2025-06-29,,,,0.0,0.0,0.0,0.0,0.0,0.0,0.0,0.0,0.0,0.0
3468,2025-06-30,,,,0.0,0.0,0.0,0.0,0.0,0.0,0.0,0.0,0.0,0.0
3469,2025-07-01,,,,0.0,0.0,0.0,0.0,0.0,0.0,0.0,0.0,0.0,0.0
3470,2025-07-02,,,,0.0,0.0,0.0,0.0,0.0,0.0,0.0,0.0,0.0,0.0
3471,2025-07-03,,,,0.0,0.0,0.0,0.0,0.0,0.0,0.0,0.0,0.0,0.0
3472,2025-07-04,,,,0.0,0.0,0.0,0.0,0.0,0.0,0.0,0.0,0.0,0.0
3473,2025-07-05,,,,0.0,0.0,0.0,0.0,0.0,0.0,0.0,0.0,0.0,0.0
3474,2025-07-06,,,,0.0,0.0,0.0,0.0,0.0,0.0,0.0,0.0,0.0,0.0
3475,2025-07-07,,,,0.0,0.0,0.0,0.0,0.0,0.0,0.0,0.0,0.0,0.0
3476,2025-07-08,,,,0.0,0.0,0.0,0.0,0.0,0.0,0.0,0.0,0.0,0.0
3477,2025-07-09,,,,0.0,0.0,0.0,0.0,0.0,0.0,0.0,0.0,0.0,0.0
3478,2025-07-10,,,,0.0,0.0,0.0,0.0,0.0,0.0,0.0,0.0,0.0,0.0
3479,2025-07-11,,,,0.0,0.0,0.0,0.0,0.0,0.0,0.0,0.0,0.0,0.0
3480,2025-07-12,,,,0.0,0.0,0.0,0.0,0.0,0.0,0.0,0.0,0.0,0.0
3481,2025-07-13,,,,0.0,0.0,0.0,0.0,0.0,0.0,0.0,0.0,0.0,0.0
3482,2025-07-14,,,,0.0,0.0,0.0,0.0,0.0,0.0,0.0,0.0,0.0,0.0
3483,2025-07-15,,,,0.0,0.0,0.0,0.0,0.0,0.0,0.0,0.0,0.0,0.0
3484,2025-07-16,,,,0.0,0.0,0.0,0.0,0.0,0.0,0.0,0.0,0.0,0.0
3485,2025-07-17,,,,0.0,0.0,0.0,0.0,0.0,0.0,0.0,0.0,0.0,0.0
3486,2025-07-18,,,,0.0,0.0,0.0,0.0,0.0,0.0,0.0,0.0,0.0,0.0
3487,2025-07-19,,,,0.0,0.0,0.0,0.0,0.0,0.0,0.0,0.0,0.0,0.0
3488,2025-07-20,,,,0.0,0.0,0.0,0.0,0.0,0.0,0.0,0.0,0.0,0.0
3489,2025-07-21,,,,0.0,0.0,0.0,0.0,0.0,0.0,0.0,0.0,0.0,0.0
3490,2025-07-22,,,,0.0,0.0,0.0,0.0,0.0,0.0,0.0,0.0,0.0,0.0
3491,2025-07-23,,,,0.0,0.0,0.0,0.0,0.0,0.0,0.0,0.0,0.0,0.0
3492,2025-07-24,,,,0.0,0.0,0.0,0.0,0.0,0.0,0.0,0.0,0.0,0.0
3493,2025-07-25,,,,0.0,0.0,0.0,0.0,0.0,0.0,0.0,0.0,0.0,0.0
3494,2025-07-26,,,,0.0,0.0,0.0,0.0,0.0,0.0,0.0,0.0,0.0,0.0
3495,2025-07-27,,,,0.0,0.0,0.0,0.0,0.0,0.0,0.0,0.0,0.0,0.0
3496,2025-07-28,,,,0.0,0.0,0.0,0.0,0.0,0.0,0.0,0.0,0.0,0.0
3497,2025-07-29,,,,0.0,0.0,0.0,0.0,0.0,0.0,0.0,0.0,0.0,0.0
3498,2025-07-30,,,,0.0,0.0,0.0,0.0,0.0,0.0,0.0,0.0,0.0,0.0
3499,2025-07-31,,,,0.0,0.0,0.0,0.0,0.0,0.0,0.0,0.0,0.0,0.0
3500,2025-08-01,,,,0.0,0.0,0.0,0.0,0.0,0.0,0.0,0.0,0.0,0.0
3501,2025-08-02,,,,0.0,0.0,0.0,0.0,0.0,0.0,0.0,0.0,0.0,0.0
3502,2025-08-03,,,,0.0,0.0,0.0,0.0,0.0,0.0,0.0,0.0,0.0,0.0
3503,2025-08-04,,,,0.0,0.0,0.0,0.0,0.0,0.0,0.0,0.0,0.0,0.0
3504,2025-08-05,,,,0.0,0.0,0.0,0.0,0.0,0.0,0.0,0.0,0.0,0.0
3505,2025-08-06,,,,0.0,0.0,0.0,0.0,0.0,0.0,0.0,0.0,0.0,0.0
3506,2025-08-07,,,,0.0,0.0,0.0,0.0,0.0,0.0,0.0,0.0,0.0,0.0
3507,2025-08-08,,,,0.0,0.0,0.0,0.0,0.0,0.0,0.0,0.0,0.0,0.0
3508,2025-08-09,,,,0.0,0.0,0.0,0.0,0.0,0.0,0.0,0.0,0.0,0.0
3509,2025-08-10,,,,0.0,0.0,0.0,0.0,0.0,0.0,0.0,0.0,0.0,0.0
3510,2025-08-11,,,,0.0,0.0,0.0,0.0,0.0,0.0,0.0,0.0,0.0,0.0
3511,2025-08-12,,,,0.0,0.0,0.0,0.0,0.0,0.0,0.0,0.0,0.0,0.0
3512,2025-08-13,,,,0.0,0.0,0.0,0.0,0.0,0.0,0.0,0.0,0.0,0.0
3513,2025-08-14,,,,0.0,0.0,0.0,0.0,0.0,0.0,0.0,0.0,0.0,0.0
3514,2025-08-15,,,,0.0,0.0,0.0,0.0,0.0,0.0,0.0,0.0,0.0,0.0
3515,2025-08-16,,,,0.0,0.0,0.0,0.0,0.0,0.0,0.0,0.0,0.0,0.0
3516,2025-08-17,,,,0.0,0.0,0.0,0.0,0.0,0.0,0.0,0.0,0.0,0.0
3517,2025-08-18,,,,0.0,0.0,0.0,0.0,0.0,0.0,0.0,0.0,0.0,0.0
3518,2025-08-19,,,,0.0,0.0,0.0,0.0,0.0,0.0,0.0,0.0,0.0,0.0
3519,2025-08-20,,,,0.0,0.0,0.0,0.0,0.0,0.0,0.0,0.0,0.0,0.0
3520,2025-08-21,,,,0.0,0.0,0.0,0.0,0.0,0.0,0.0,0.0,0.0,0.0
3521,2025-08-22,,,,0.0,0.0,0.0,0.0,0.0,0.0,0.0,0.0,0.0,0.0
3522,2025-08-23,,,,0.0,0.0,0.0,0.0,0.0,0.0,0.0,0.0,0.0,0.0
3523,2025-08-24,,,,0.0,0.0,0.0,0.0,0.0,0.0,0.0,0.0,0.0,0.0
3524,2025-08-25,,,,0.0,0.0,0.0,0.0,0.0,0.0,0.0,0.0,0.0,0.0
3525,2025-08-26,,,,0.0,0.0,0.0,0.0,0.0,0.0,0.0,0.0,0.0,0.0
3526,2025-08-27,,,,0.0,0.0,0.0,0.0,0.0,0.0,0.0,0.0,0.0,0.0
3527,2025-08-28,,,,0.0,0.0,0.0,0.0,0.0,0.0,0.0,0.0,0.0,0.0
3528,2025-08-29,,,,0.0,0.0,0.0,0.0,0.0,0.0,0.0,0.0,0.0,0.0
3529,2025-08-30,,,,0.0,0.0,0.0,0.0,0.0,0.0,0.0,0.0,0.0,0.0
3530,2025-08-31,,,,0.0,0.0,0.0,0.0,0.0,0.0,0.0,0.0,0.0,0.0
3531,2025-09-01,,,,0.0,0.0,0.0,0.0,0.0,0.0,0.0,0.0,0.0,0.0
3532,2025-09-02,,,,0.0,0.0,0.0,0.0,0.0,0.0,0.0,0.0,0.0,0.0
3533,2025-09-03,,,,0.0,0.0,0.0,0.0,0.0,0.0,0.0,0.0,0.0,0.0
3534,2025-09-04,,,,0.0,0.0,0.0,0.0,0.0,0.0,0.0,0.0,0.0,0.0
3535,2025-09-05,,,,0.0,0.0,0.0,0.0,0.0,0.0,0.0,0.0,0.0,0.0
3536,2025-09-06,,,,0.0,0.0,0.0,0.0,0.0,0.0,0.0,0.0,0.0,0.0
3537,2025-09-07,,,,0.0,0.0,0.0,0.0,0.0,0.0,0.0,0.0,0.0,0.0
3538,2025-09-08,,,,0.0,0.0,0.0,0.0,0.0,0.0,0.0,0.0,0.0,0.0
3539,2025-09-09,,,,0.0,0.0,0.0,0.0,0.0,0.0,0.0,0.0,0.0,0.0
3540,2025-09-10,,,,0.0,0.0,0.0,0.0,0.0,0.0,0.0,0.0,0.0,0.0
3541,2025-09-11,,,,0.0,0.0,0.0,0.0,0.0,0.0,0.0,0.0,0.0,0.0
3542,2025-09-12,,,,0.0,0.0,0.0,0.0,0.0,0.0,0.0,0.0,0.0,0.0
3543,2025-09-13,,,,0.0,0.0,0.0,0.0,0.0,0.0,0.0,0.0,0.0,0.0
3544,2025-09-14,,,,0.0,0.0,0.0,0.0,0.0,0.0,0.0,0.0,0.0,0.0
3545,2025-09-15,,,,0.0,0.0,0.0,0.0,0.0,0.0,0.0,0.0,0.0,0.0
3546,2025-09-16,,,,0.0,0.0,0.0,0.0,0.0,0.0,0.0,0.0,0.0,0.0
3547,2025-09-17,,,,0.0,0.0,0.0,0.0,0.0,0.0,0.0,0.0,0.0,0.0
3548,2025-09-18,,,,0.0,0.0,0.0,0.0,0.0,0.0,0.0,0.0,0.0,0.0
3549,2025-09-19,,,,0.0,0.0,0.0,0.0,0.0,0.0,0.0,0.0,0.0,0.0
3550,2025-09-20,,,,0.0,0.0,0.0,0.0,0.0,0.0,0.0,0.0,0.0,0.0
3551,2025-09-21,,,,0.0,0.0,0.0,0.0,0.0,0.0,0.0,0.0,0.0,0.0
3552,2025-09-22,,,,0.0,0.0,0.0,0.0,0.0,0.0,0.0,0.0,0.0,0.0
3553,2025-09-23,,,,0.0,0.0,0.0,0.0,0.0,0.0,0.0,0.0,0.0,0.0
3554,2025-09-24,,,,0.0,0.0,0.0,0.0,0.0,0.0,0.0,0.0,0.0,0.0
3555,2025-09-25,,,,0.0,0.0,0.0,0.0,0.0,0.0,0.0,0.0,0.0,0.0
3556,2025-09-26,,,,0.0,0.0,0.0,0.0,0.0,0.0,0.0,0.0,0.0,0.0
3557,2025-09-27,,,,0.0,0.0,0.0,0.0,0.0,0.0,0.0,0.0,0.0,0.0
3558,2025-09-28,,,,0.0,0.0,0.0,0.0,0.0,0.0,0.0,0.0,0.0,0.0
3559,2025-09-29,,,,0.0,0.0,0.0,0.0,0.0,0.0,0.0,0.0,0.0,0.0
3560,2025-09-30,,,,0.0,0.0,0.0,0.0,0.0,0.0,0.0,0.0,0.0,0.0
3561,2025-10-01,,,,0.0,0.0,0.0,0.0,0.0,0.0,0.0,0.0,0.0,0.0
3562,2025-10-02,,,,0.0,0.0,0.0,0.0,0.0,0.0,0.0,0.0,0.0,0.0
3563,2025-10-03,,,,0.0,0.0,0.0,0.0,0.0,0.0,0.0,0.0,0.0,0.0
3564,2025-10-04,,,,0.0,0.0,0.0,0.0,0.0,0.0,0.0,0.00254,0.0,0.0
3565,2025-10-05,,,,0.0,0.0,0.0,0.0,0.0,0.0,0.0,0.0,0.0,0.0
3566,2025-10-06,,,,0.0,0.0,0.0,0.0,0.0,0.0,0.0,0.0,0.0,0.0
3567,2025-10-07,,,,0.0,0.0,0.0,0.0,0.0,0.0,0.0,0.0,0.0,0.0
3568,2025-10-08,,,,0.0,0.0,0.0,0.0,0.0,0.0,0.0,0.0,0.0,0.0
3569,2025-10-09,,,,0.0,0.0,0.0,0.0,0.0,0.0,0.0,0.0,0.0,0.0
3570,2025-10-10,,,,0.0,0.0,0.0,0.0,0.0,0.0,0.0,0.0,0.0,0.0
3571,2025-10-11,,,,0.0,0.0,0.0,0.00254,0.0,0.0,0.0,0.0,0.0,0.0
3572,2025-10-12,,,,0.0,0.0127,0.0152399999999999,0.00508,0.00508,0.0,0.0,0.0,0.0,0.0
3573,2025-10-13,,,,0.0,0.01016,0.01016,0.0,0.00508,0.0,0.0,0.0,0.0,0.0
3574,2025-10-14,,,,0.0,0.01016,0.0,0.0,0.0,0.0,0.0,0.0,0.0,0.0
3575,2025-10-15,,,,0.0,0.01016,0.0,0.0,0.0,0.0,0.0,0.0,0.0,0.00254
3576,2025-10-16,,,,0.0,0.0177799999999999,0.0177799999999999,0.0,0.0,0.00254,0.0,0.0,0.0,0.0076199999999999
3577,2025-10-17,,,,0.0,0.03302,0.0355599999999999,0.02032,0.0,0.0076199999999999,0.0,0.00254,0.0,0.00508
3578,2025-10-18,,,,0.0,0.0304799999999999,0.0355599999999999,0.0177799999999999,0.0,0.0,0.0,0.0,0.0,0.00254
3579,2025-10-19,,,,0.0,0.0254,0.03302,0.0152399999999999,0.0,0.0,0.0,0.0,0.0,0.0
3580,2025-10-20,,,,0.0,0.0254,0.0304799999999999,0.00508,0.0,0.0,0.0,0.0,0.0,0.0
3581,2025-10-21,,,,0.0,0.02032,0.02794,0.0,0.0,0.0,0.0,0.0,0.0,0.0
3582,2025-10-22,,,,0.0,0.02032,0.02794,0.0,0.0,0.0,0.0,0.0,0.0,0.0
3583,2025-10-23,,,,0.0,0.0177799999999999,0.02794,0.0,0.0,0.0,0.0,0.0,0.0,0.0
3584,2025-10-24,,,,0.0,0.01016,0.02794,0.0,0.0,0.0,0.0,0.0,0.0,0.0
3585,2025-10-25,,,,0.0,0.01016,0.02794,0.0,0.0,0.0,0.0,0.0,0.0,0.0
3586,2025-10-26,,,,0.0,0.01016,0.02794,0.0,0.0,0.0,0.0,0.0,0.0,0.0
3587,2025-10-27,,,,0.0,0.0127,0.02794,0.0,0.0076199999999999,0.0,0.00254,0.0,0.0,0.0
3588,2025-10-28,,,,0.0,0.03302,0.02794,0.0,0.00508,0.0,0.0152399999999999,0.0,0.0,0.0
3589,2025-10-29,,,,0.0,0.0304799999999999,0.02794,0.0,0.0,0.0,0.0152399999999999,0.0,0.0,0.0
3590,2025-10-30,,,,0.0,0.0304799999999999,0.02794,0.0,0.0,0.0,0.0152399999999999,0.0,0.0,0.0
3591,2025-10-31,,,,0.0,0.0304799999999999,0.02794,0.0,0.0,0.0,0.0177799999999999,0.0,0.0,0.0
3592,2025-11-01,,,,0.0,0.0304799999999999,0.02794,0.0,0.0,0.0,0.0177799999999999,0.0,0.0,0.0
3593,2025-11-02,,,,0.0,0.0304799999999999,0.02794,0.0,0.0,0.0,0.0177799999999999,0.0,0.0,0.0
3594,2025-11-03,,,,0.0,0.02794,0.02794,0.0,0.0,0.0,0.0177799999999999,0.0,0.0,0.0
3595,2025-11-04,,,,0.0,0.02286,0.0254,0.0,0.0,0.0,0.0177799999999999,0.0,0.0,0.0
3596,2025-11-05,,,,0.0,0.0177799999999999,0.0254,0.0,0.0,0.0,0.0177799999999999,0.0,0.0,0.0
3597,2025-11-06,,,,0.0,0.0127,0.02032,0.0,0.0,0.0,0.0177799999999999,0.0,0.0,0.0
3598,2025-11-07,,,,0.0,0.01016,0.02032,0.00254,0.0,0.0,0.0177799999999999,0.0,0.0,0.0
3599,2025-11-08,,,,0.0,0.01016,0.02032,0.0,0.0,0.0,0.0177799999999999,0.0,0.0,0.0
3600,2025-11-09,,,,0.0,0.01016,0.02032,0.0,0.0,0.0,0.0177799999999999,0.0,0.0,0.0
3601,2025-11-10,,,,0.0,0.01016,0.02032,0.0,0.0,0.0,0.0177799999999999,0.0,0.0,0.0
3602,2025-11-11,,,,0.0,0.01016,0.02032,0.0,0.0,0.0,0.0177799999999999,0.0,0.0,0.0
3603,2025-11-12,,,,0.0,0.01016,0.02032,0.0,0.0,0.0,0.0177799999999999,0.0,0.0,0.0
3604,2025-11-13,,,,0.0,0.01016,0.02032,0.0,0.0,0.0,0.0177799999999999,0.0,0.0,0.0
3605,2025-11-14,,,,0.0,0.01016,0.02032,0.0,0.0,0.0,0.0177799999999999,0.0,0.0,0.0
3606,2025-11-15,,,,0.0,0.01016,0.0127,0.0,0.0,0.0,0.01016,0.0,0.0,0.0
3607,2025-11-16,,,,0.0,0.01016,0.01016,0.0,0.0,0.0,0.01016,0.0,0.0,0.0
3608,2025-11-17,,,,0.0,0.0152399999999999,0.0127,0.00508,0.0127,0.0,0.0127,0.0,0.0,0.0
3609,2025-11-18,,,,0.0076199999999999,0.02286,0.0152399999999999,0.0076199999999999,0.0254,0.0,0.0127,0.0127,0.0,0.0
3610,2025-11-19,,,,0.0076199999999999,0.02286,0.0152399999999999,0.0076199999999999,0.0254,0.0,0.0127,0.01016,0.0,0.0
3611,2025-11-20,,,,0.0076199999999999,0.0254,0.0152399999999999,0.01016,0.0254,0.0,0.0127,0.00508,0.0,0.0
3612,2025-11-21,,,,0.0076199999999999,0.0254,0.0152399999999999,0.0152399999999999,0.0304799999999999,0.0,0.0127,0.00508,0.0,0.0
3613,2025-11-22,,,,0.0076199999999999,0.0254,0.0152399999999999,0.0152399999999999,0.0304799999999999,0.0,0.0127,0.0,0.0,0.0
3614,2025-11-23,,,,0.0076199999999999,0.0254,0.0152399999999999,0.0152399999999999,0.0304799999999999,0.0,0.02794,0.0,0.0,0.0
3615,2025-11-24,,,,0.0076199999999999,0.0254,0.0152399999999999,0.0152399999999999,0.0304799999999999,0.0,0.02794,0.0,0.0,0.0
3616,2025-11-25,,,,0.0076199999999999,0.0304799999999999,0.0152399999999999,0.0152399999999999,0.0304799999999999,0.0,0.02794,0.0,0.0,0.0
3617,2025-11-26,,,,0.0076199999999999,0.0304799999999999,0.0152399999999999,0.0152399999999999,0.0304799999999999,0.0,0.02794,0.0,0.0,0.0
3618,2025-11-27,,,,0.0076199999999999,0.0304799999999999,0.0152399999999999,0.0152399999999999,0.0304799999999999,0.0,0.02794,0.0,0.00254,0.0
3619,2025-11-28,,,,0.0076199999999999,0.0304799999999999,0.0152399999999999,0.0152399999999999,0.0304799999999999,0.0,0.02794,0.0,0.00254,0.0
3620,2025-11-29,,,,0.0076199999999999,0.0304799999999999,0.0152399999999999,0.0152399999999999,0.0304799999999999,0.0,0.02794,0.0,0.00254,0.0
3621,2025-11-30,,,,0.0076199999999999,0.0304799999999999,0.0152399999999999,0.0152399999999999,0.0304799999999999,0.0,0.02794,0.0,0.00254,0.0
3622,2025-12-01,,,,0.01016,0.0380999999999999,0.02286,0.0152399999999999,0.0355599999999999,0.0127,0.03302,0.0152399999999999,0.00508,0.00508
3623,2025-12-02,,,,0.01016,0.0380999999999999,0.0254,0.0152399999999999,0.0355599999999999,0.0127,0.03302,0.0152399999999999,0.0076199999999999,0.00508
3624,2025-12-03,,,,0.01016,0.0380999999999999,0.0254,0.0177799999999999,0.0355599999999999,0.0177799999999999,0.0355599999999999,0.0177799999999999,0.0076199999999999,0.00508
3625,2025-12-04,,,,0.01016,0.0380999999999999,0.0254,0.0177799999999999,0.0355599999999999,0.0177799999999999,0.0355599999999999,0.0177799999999999,0.0076199999999999,0.00508
3626,2025-12-05,,,,0.0177799999999999,0.04064,0.02794,0.0177799999999999,0.0380999999999999,0.0177799999999999,0.0380999999999999,0.0177799999999999,0.0076199999999999,0.0076199999999999
3627,2025-12-06,,,,0.0431799999999999,0.05334,0.03302,0.03302,0.05334,0.04064,0.05588,0.0355599999999999,0.0127,0.0177799999999999
3628,2025-12-07,,,,0.05334,0.06604,0.04064,0.0431799999999999,0.0584199999999999,0.04826,0.0761999999999999,0.04572,0.0127,0.0254
3629,2025-12-08,,,,0.05334,0.06604,0.04064,0.0431799999999999,0.05334,0.04826,0.0761999999999999,0.04826,0.0127,0.0254
3630,2025-12-09,,,,0.05334,0.06604,0.04064,0.0431799999999999,0.0508,0.04826,0.0761999999999999,0.04826,0.00508,0.0254
3631,2025-12-10,,,,0.05334,0.06604,0.04064,0.0431799999999999,0.0508,0.04826,0.0761999999999999,0.04826,0.00254,0.0254
3632,2025-12-11,,,,0.05334,0.06604,0.04064,0.0431799999999999,0.04826,0.04826,0.0761999999999999,0.04826,0.0,0.0254
3633,2025-12-12,,,,0.05334,0.06604,0.04064,0.0431799999999999,0.0431799999999999,0.04826,0.0761999999999999,0.04826,0.0,0.0254
3634,2025-12-13,,,,0.0508,0.06604,0.04064,0.0431799999999999,0.0431799999999999,0.04826,0.0761999999999999,0.04826,0.0,0.0254
3635,2025-12-14,,,,0.0508,0.06604,0.04064,0.0431799999999999,0.0431799999999999,0.04826,0.0761999999999999,0.04826,0.0,0.0254
3636,2025-12-15,,,,0.0508,0.06604,0.04064,0.0431799999999999,0.0431799999999999,0.04826,0.0761999999999999,0.04826,0.0,0.0254
3637,2025-12-16,,,,0.0508,0.06604,0.04064,0.0431799999999999,0.0431799999999999,0.04826,0.0761999999999999,0.04826,0.0,0.0254
3638,2025-12-17,,,,0.0508,0.06604,0.04064,0.0431799999999999,0.0431799999999999,0.04826,0.0761999999999999,0.04826,0.0,0.0254
3639,2025-12-18,,,,0.0609599999999999,0.0761999999999999,0.04826,0.05588,0.05334,0.04826,0.0888999999999999,0.0508,0.0,0.03302
3640,2025-12-19,,,,0.0609599999999999,0.07874,0.04826,0.05588,0.05334,0.04572,0.09398,0.0508,0.0,0.03302
3641,2025-12-20,,,,0.0736599999999999,0.09652,0.05588,0.0635,0.0711199999999999,0.0508,0.1041399999999999,0.0508,0.00254,0.0431799999999999
3642,2025-12-21,,,,0.0838199999999999,0.11176,0.0711199999999999,0.06604,0.0711199999999999,0.0508,0.10668,0.0508,0.0,0.0431799999999999
3643,2025-12-22,,,,0.0838199999999999,0.11176,0.0711199999999999,0.06604,0.0711199999999999,0.0508,0.10668,0.03302,0.0,0.0431799999999999
3644,2025-12-23,,,,0.0838199999999999,0.11176,0.0711199999999999,0.06604,0.0711199999999999,0.04826,0.10668,0.0152399999999999,0.0,0.0431799999999999
3645,2025-12-24,,,,0.0838199999999999,0.11176,0.0711199999999999,0.0584199999999999,0.0711199999999999,0.04572,0.10668,0.0,0.0,0.04064
3646,2025-12-25,,,,0.0838199999999999,0.11176,0.0711199999999999,0.0508,0.0711199999999999,0.04064,0.11176,0.0,0.0,0.0380999999999999
3647,2025-12-26,,,,0.07874,0.11176,0.0736599999999999,0.0431799999999999,0.0711199999999999,0.03302,0.1143,0.0,0.0,0.0304799999999999
3648,2025-12-27,,,,0.08128,0.1143,0.07874,0.04572,0.0863599999999999,0.0304799999999999,0.127,0.0,0.0,0.0355599999999999
3649,2025-12-28,,,,0.0838199999999999,0.13208,0.09652,0.05334,0.09144,0.0508,0.12954,0.02032,0.01016,0.04064
3650,2025-12-29,,,,0.0838199999999999,0.13208,0.09652,0.05334,0.09144,0.0508,0.12954,0.02032,0.01016,0.04064
3651,2025-12-30,,,,0.0838199999999999,0.13208,0.09906,0.0431799999999999,0.09144,0.0508,0.12954,0.02032,0.01016,0.04064
3652,2025-12-31,,,,0.0838199999999999,0.13208,0.09906,0.0431799999999999,0.09144,0.0508,0.12954,0.02032,0.01016,0.04064
